  6
 13  17  29  32  68  76
  4
 14  27  55  59
  6
  6   8  12  46  60  97
  5
 24  30  53  55  76
  2
 79  85
  6
  3  19  41  70  80  96
  2
 71  92
  4
  3  12  31  54
  6
 37  41  67  85  86  99
  2
 57  65
  4
 13  45  87  89
  4
  3   8  13  59
  8
  1  11  12  20  51  63  83  95
  7
  2  35  39  43  73  78  87
  5
 23  26  38  66  94
  2
 98 100
  6
  1  39  57  81  97  98
  5
 32  33  50  54  93
  6
  6  21  27  35  42  63
  3
 13  91 100
  6
 19  23  45  61  77  88
  2
 76  80
  6
 15  21  44  51  69  72
  4
  4  61  76  82
  5
 35  40  53  67  94
  4
 15  42  48  96
  5
  2  19  49  81  87
  2
 37  83
  5
  1  38  49  63  96
  3
  4  36  56
  6
  8  32  51  62  66  70
  5
  1  18  31  58  62
  4
 18  45  82  91
  2
 60  96
  4
 14  19  25  47
  4
 30  70  88  94
  3
  9  28  96
  6
 15  29  51  54  60  86
  3
 14  17  41
  4
 25  50  71  84
  5
  6   9  39  57  69
  5
 19  26  46  67 100
  5
 14  69  75  78  90
  2
 23  83
  7
 11  21  33  50  61  77 100
  4
  3  42  55  57
  4
 35  52  72  92
  2
 26  79
  2
 27  29
  4
 18  40  45  88
  6
 13  23  31  38  58  95
  3
 47  62 100
  2
  4  25
  3
  8  18  38
  4
  2   4  46  74
  2
 30  98
  9
 10  17  41  46  64  71  79  89  96
  3
 32  51  73
  3
  2  12  61
  6
  3  34  38  72  74  87
  6
 21  24  45  59  62  64
  5
 31  32  52  61  77
  4
 13  19  29  85
  2
 57  61
  2
 10  73
  3
 15  31  69
  4
  9  25  42  97
  3
  1  75  93
  7
 23  41  43  66  75  84  88
  3
  6  31  36
  4
  7  40  57  98
  4
 23  47  60  81
  4
 14  58  65  74
  3
 55  60  73
  5
 43  68  69  86  90
  4
  1   4  22  24
  3
 21  45  62
  2
 14  43
  4
  5  48  57  99
  3
  6  22  91
  3
 17  27  72
  2
 24  33
  3
 13  28  44
  3
 40  69  87
  4
  5   9  63  98
  4
  9  38  75  92
  5
 11  14  27  60  84
  4
 21  36  50  69
  2
 11  57
  2
 43  75
  3
 20  33  80
  4
  7  47  86  96
  2
 18  68
  3
 15  25  36
  2
 13  51
  7
  6  26  29  34  37  57  92
  3
  3  17  67
  5
 16  17  56  71  85
  2
  9  79
  5
 16  20  42  45  52
