 11
  2   3   4   5  12  30  41  47  58  63  64
 17
  1   3   4   5   8  12  14  17  22  30  34  53  55  61  90  96  97
 32
  1   2   4   5   6   7   9  11  15  16  18  19  20  21  25  27  28  29  33  38  48  49  50  53  61  65  74  75  85  89  95  98
 21
  1   2   3   5   8   9  11  13  22  23  40  41  45  54  57  59  67  76  77  80  88
 16
  1   2   3   4   6  10  15  24  27  40  42  49  68  78  82  98
  8
  3   5   7  10  14  17  36  60
  8
  3   6  19  21  26  28  33  67
  2
  2   4
  5
  4   3  16  18  26
  9
  5   6  20  29  39  51  57  71  83
  4
  4   3  35  50
 12
  1   2  13  31  32  47  52  65  70  72  77  87
  2
 12   4
  3
  6   2  31
  2
  5   3
  3
  3   9  66
  2
  2   6
  3
  3   9  24
  2
  7   3
  5
  3  10  23  34  97
  4
  7   3  44  87
  5
  2   4  42  43  64
  8
 20   4  25  32  36  54  91  99
  6
 18   5  39  43  56  75
  8
 23   3  38  44  51  83  90  92
  3
  9   7  93
  3
  3   5  48
  7
  7   3  45  46  72  92  96
  2
  3  10
  7
  2   1  35  63  66  78  80
  3
 14  12  59
  4
 12  23  37  74
  2
  3   7
  6
 20   2  37  62  76  86
  3
 30  11  89
  3
 23   6  60
  3
 34  32  95
  2
  3  25
  2
 10  24
  2
  4   5
  4
  4   1  46  84
  3
 22   5  55
  4
 24  22  69  79
  3
 21  25  58
  3
 28   4  56
  3
 41  28  82
  4
  1  12  69  94
  4
  3  27  52  73
  4
  3   5  62  73
  2
  3  11
  4
 10  25  81  86
  2
 12  48
  4
  2   3  68  85
  2
  4  23
  2
 42   2
  2
 24  45
  3
 10   4  91
  2
 44   1
  2
  4  31
  3
 36   6  70
  3
  2   3  99
  4
 49  34  84 100
  5
  1  30  71  93  94
  3
 22   1  88
  2
  3  12
  2
 16  30
  2
  4   7
  2
 53   5
  3
 47  43  79
  2
 12  60
  2
 63  10
  3
 12  28  81
  2
 49  48
  2
 32   3
  2
 24   3
  2
 34   4
  2
  4  12
  2
  5  30
  2
 69  43
  3
  4  30 100
  2
 72  51
  2
  5  46
  2
 10  25
  2
 41  62
  2
  3  53
  2
 34  51
  2
 21  12
  2
  4  64
  2
 35   3
  2
 25   2
  2
 57  23
  2
 28  25
  2
 63  26
  2
 63  47
  2
  3  37
  2
  2  28
  2
 20   2
  2
  5   3
  2
 23  61
  2
 80  62
