  2
 47  87
  2
  4  93
  2
 12  56
  2
 32   2
  2
  6  28
  2
  5  66
  2
 42 100
  2
 61  39
  2
 87  94
  2
 18  21
  2
 69  14
  2
  3  80
  2
 71  74
  2
 71  11
  2
 96  75
  2
 79  17
  2
 16  58
  2
 10  22
  2
 63  95
  2
 66  83
  2
 80  10
  2
 18  88
  2
 82  49
  2
 74  36
  2
 70  73
  2
 78  57
  2
 44  64
  2
 62   5
  2
 94  36
  2
 34  51
  2
 41  97
  2
  4  85
  2
 57  55
  2
 30  48
  2
 37  61
  2
 29  24
  2
 35  52
  2
 49  77
  2
 90   8
  2
 67  91
  2
 81  31
  2
  7  99
  2
 68  46
  2
 27  48
  2
 92  54
  2
 50  43
  2
  1  97
  2
 34  44
  2
 23  38
  2
 72  46
  2
 30  65
  2
 93  37
  2
 68  98
  2
 45  86
  2
 73  33
  2
 98   3
  2
 26  33
  2
 17  96
  2
 75  62
  2
 99  72
  2
  8  35
  2
 28  59
  2
 91  19
  2
 70  27
  2
 51 100
  2
 20   6
  2
 40  69
  2
 53  43
  2
 11  67
  2
 64  25
  2
 14  13
  2
 50  60
  2
 55  25
  2
 24  13
  2
 59  15
  2
 86  84
  2
 95  38
  2
 26  84
  2
 16  82
  2
 21  12
  2
 41  85
  2
 23  79
  2
 20  92
  2
 76  78
  2
 32  81
  2
 76  54
  2
  9   1
  2
 89  22
  2
 90  88
  2
 39  89
  2
 63  40
  2
 45  83
  2
 52   2
  2
 29   9
  2
 77  19
  2
 58  15
  2
 47  31
  2
 56  53
  2
 60  42
  2
 65   7
