**(If there are any errors, please first check whether your '# of parameters'
is consistent with the actual number of parameters you input )**
  
***Please do not change the format of this File***
# of players in a game (d)
3
Payoff parameters ( d parameters. A Player - first row, B Player - second row)
(# of A opponets: 0 1 2 ... d-3 d-2 d-1)
0 2 1
4 1 1 
Aspiration values (length of the array equals to the total # of players)
5.93423582788270
1.54510223583508
5.62423063290285
1.02138618707046
1.11017144668879
1.44301505305913
1.66864685600549
1.23159744357970
1.68628985662206
1.24556856525040
2.58569793191774
1.47893508707324
1.74895772874694
1.15979361147436
1.06681508006473
1.02094324939879
2.98731322996103
2.01287248092530
2.24778239130919
1.33798646946048
1.03984750127821
1.08736107970278
1.15258491139585
1.04213377916637
2.60961936261758
1.08926054601272
1.61513731525378
1.45625054139342
1.11194869879014
2.04018236348790
1.61164263254399
1.08597133593599
1.35412059354891
1.77358944915912
1.17954313398796
1.63269521305380
4.14264718815674
1.51934866387508
1.80514708014687
6.83368992350425
3.14841389786478
1.68664978766129
7.65184964736451
1.09357558434222
1.42826082614847
1.63813059705746
2.23607304407412
1.31054630282100
1.02859889619570
1.44209067220102
1.07491599822335
1.25686714892805
1.81554560151575
1.07185601292681
2.16092893138026
1.02614523501513
2.32883016716653
2.74141247064900
1.11587160938606
1.59595787407560
17.3546048931664
1.02188520124437
1.07759058837698
1.13442719267299
1.54859348859259
1.74370232276703
1.90070101874107
1.42053267005827
1.67748938030630
1.01869622166887
1.11376242630692
1.99818532119698
1.20227255610667
1.99621935434288
2.59970403058638
1.05371531846618
1.57676581889172
1.89185807177301
1.52271012360245
1.14340617765344
3.34517814081886
4.50011268689187
1.43786735171295
1.84770023679471
2.22936317858439
1.11781699029173
1.05812138763084
1.61918075509218
1.01130068243553
1.01932723681841
1.06320675061122
2.34853908810429
1.26683733667795
1.13898194501088
1.25802577301993
1.10065724066103
2.10715350417665
1.22172235600184
1.20893280376723
1.90549451812733
1.55221686639369
2.12121413618061
1.24958652131314
1.10751615217871
1.53156976997198
1.39089536192445
1.31490983059036
1.21030007916243
6.03808229808590
1.16108285797996
1.51986899912614
1.24232412293136
1.20563299864890
1.00473218099014
1.73585866366910
2.95769564224444
1.31455847817071
2.65916119503232
4.38497353364862
1.26603253109005
1.12034234540801
1.10375645404095
1.20063859740365
2.58467780678839
1.45187363341045
2.41431999687550
1.05814267926716
1.61614809567695
1.51938931947783
1.16321239685626
1.00115605683196
1.18449417540438
2.36538246234892
3.08776433459201
15.4448850591652
1.00424609255687
1.93471462592175
1.04519817374127
1.65147995701477
2.26505606968556
2.42510581002914
1.52008241915912
1.16251047030436
2.15431229248740
1.09711751954401
1.17384018957558
1.00246064963312
1.28837873246884
1.01354613472498
2.62340760278704
1.12146791636560
2.67596502914748
1.02930170310604
1.13483458322212
1.02343934168368
2.00397893497415
1.81985619416740
3.50905035622977
3.31355892615176
2.26760200939669
55.6798892828351
2.24036393772856
1.21528604329313
1.01281446572072
1.93464305430203
1.37723110589847
1.28309395820787
2.67274632528781
1.03003144916962
1.27468212805808
1.07948341069227
1.02365427684847
1.81967044518430
3.40032808612647
1.27364833735837
1.14943350099795
3.28085353799736
1.83191332287136
3.09548403147757
4.38417561392557
3.97439072432667
17.6408578723737
1.28771759078632
1.71482559680028
2.37657979130122
1.62728969932919
1.82728448833079
1.39961488263518
1.42684976637440
2.13061930190650
1.02087904983635
3.17832746020746
1.93183331678337
1.61328743138500
2.02108085651628
1.18218439507398
1.12242644050303
1.69561247626713
3.72988789082602
2.26208171614192
1.24076360897068
1.17056253718866
1.97881235911394
1.90000144139596
2.64184755148642
3.50972967211821
1.16961733839429
1.79072280661831
1.61795576047544
1.03781884382599
1.11001413352794
1.22680407472123
1.20477190295918
1.31329532808047
1.04698485085681
1.50733146716001
1.73454666415205
1.06316924984754
1.20882702520593
7.21619105489989
2.96005112290924
1.01157715127483
2.70453570351228
1.15086581338184
1.32873703697248
1.07544054930440
1.12909687917026
2.10691625958825
1.04666792605998
1.29140111614416
1.56194900594625
1.11561264746248
1.81611911052249
1.56742375554373
1.36613803496644
1.14795125351675
1.30495654781147
2.08738915844875
1.01815199167899
1.59627605412607
1.04227395963156
1.30786178160380
8.29813406349560
2.52095136393737
1.02727819590164
1.91571552938017
1.06296280222165
1.39398170987753
2.75862717467833
1.00845804998268
2.34990778874038
2.15102849204476
1.11366290164180
3.38728766565712
1.77804807332144
2.99333464459308
1.86620990858498
1.39331996969296
2.44864297210511
1.04871502532836
1.01299485920664
1.22695033754130
1.39607441621234
1.13618966132062
1.49857313765999
1.77094753302989
2.46140625860442
3.09897399894755
1.33344939983929
1.29062375830407
1.33644935350085
1.20353271201950
1.34468055787709
5.29925434676874
1.36379615285775
1.40857926269940
1.01094711710103
1.11268174066221
3.13318420782662
1.27962664588061
1.05529284252180
1.24005985863068
1.10333755230776
1.15400147321267
1.66895017023534
6.42216388586246
3.55029502560367
1.02804024914354
3.21220889772480
1.11111068497599
11.6367194519531
1.21851553262745
1.13779228024422
4.21489916158525
2.29928729022309
3.63802752772709
1.88478728581732
2.87785050405665
2.72227811223940
1.24749300021407
1.07600087393963
2.26909920031700
1.77088214752532
1.32614695412859
4.34845986648220
4.52552334590969
1.01643685648485
1.17538660882189
1.03570126293914
2.40388297667051
1.28705719079302
1.54519960635362
1.23422349163184
5.89355354430522
1.58791343722405
1.73458815415066
2.70492803263026
1.31316287432841
1.03885857864766
2.78852503794745
1.80968945419560
2.51120527332877
1.75748779466295
1.83002212727768
3.09221657088634
1.55683547606545
1.21733741623375
13.9355338942932
1.12333914709539
1.18366208167607
2.44783804806213
2.08626806845709
1.11843887240137
2.06181752637770
1.61358211563229
5.29014758561736
1.41946287362935
1.38502271734103
1.55360598054098
6.99998103189538
1.23948866687670
1.16326481123427
1.56162795715761
1.98179110113344
1.04369800202360
1.26486637844641
1.04656599522245
1.21103313269540
1.35237657465140
1.09179213197247
1.03134891650814
1.34214914933252
1.18285126562445
1.11746019680878
1.42829730271741
1.00988384454377
2.42608843365755
1.11830350663081
1.32055723787435
1.93560329019640
1.45370455468934
1.16984952729613
2.07540012640685
4.68356969497416
1.06460561467598
1.01268131878551
1.31537975042302
1.03383485683848
1.06941331005179
1.04968019730959
1.14160106509700
1.12593842051751
1.60089363618279
1.28514647173974
1.91284115211562
5.08316443519644
2.00086938390566
1.04185873913708
2.75192006401266
1.25271473998530
2.21952277140491
2.16364672337191
1.22293145983678
4.47175387417912
2.41465353534770
1.64205991592179
1.19150978036667
1.61585794543288
9.32643930211031
1.23467036380112
1.14681060823657
1.00019861210786
3.32025976734544
1.63855282512820
2.16284754822380
1.99488503330398
1.61563250832783
1.10661291047454
2.52855409964135
1.87644323753235
1.69467510443110
1.60707554174085
2.81479305453839
2.19622354132926
1.90493461272823
1.30095719669169
20.6433739334490
1.63040505373706
1.24337843125288
1.10615350291922
1.21348531796522
1.15904098026714
4.11989480893116
3.05575689115393
9.14859400897909
4.58696172631487
2.81949689414140
1.09254943587837
1.08254554870714
1.68983325122515
2.18262556076110
1.03823723058333
1.15050458383412
1.00539695441306
1.14149108466270
1.15845606848963
3.37460519944370
1.25743552203901
1.01957726796148
1.69232191802786
2.33358956467326
1.04470362792999
1.00579043183615
1.25552006441937
1.30495097860535
1.30858332304736
1.36510155061099
1.36845972350625
1.48767120554772
1.46284358326131
1.42521963800899
2.13731491699116
1.18675253128278
1.49154397031336
1.53332638192807
1.12076322379250
1.49946267979712
1.12803034608713
1.48931718440855
1.03682339851445
2.67689423265951
1.12393802284623
1.14604776216763
1.27060106895817
1.18458669369881
2.00209580739652
1.21173313800340
1.05843497345829
2.27117849771690
1.15628840667296
1.41976841468162
1.02054144528302
1.63124052897619
1.27769222744931
1.20235552363519
1.22356771918854
3.82340681295055
1.37100779086359
1.00003549848685
1.90963706673270
1.29043851774650
1.01166271839906
1.66146516720050
1.33553374644861
1.56511798542962
1.61792941377450
1.35344972829100
1.02548476790488
1.88879113975212
1.96151167237980
1.29618830588756
1.02674195133865
4.38548632375553
2.85582423976719
2.40876421288353
1.34673153741736
2.94212739709570
2.61459879116727
1.68486972864264
1.42390527510207
1.04032586959519
1.25235712365919
1.14041408317055
2.67433700300011
1.65383051255232
1.92971500873283
1.08873003604986
4.45642966908540
1.29144971525651
1.60413589253397
2.22767007991282
1.78562836443849
1.00002417315524
1.41798710303529
8.33912517434758
1.00352036303438
1.02111508913457
1.05610276995409
1.58791494410293
1.02392731688477
1.31518842330333
1.24597954217948
1.81869430241836
1.25291812207767
1.21676026766118
1.76083559324813
1.54904284671567
1.14742203941823
1.26477606030561
1.12135715779717
1.16141126897955
2.55918152292333
1.32110764369926
1.70742703802365
1.46062737057369
3.98469756559059
1.22482671100883
1.25089141382182
1.98612000131197
2.71092785399635
1.01121269120637
2.57790124184812
2.27995442493674
1.47889993287998
1.32894980099544
1.58597733385319
1.22637568915509
2.12289443918819
1.05217685316454
1.35080257470746
2.04958084973371
1.63481040968532
1.00074659690670
1.00869839353799
1.35688092151641
1.13341396550347
1.26130453606778
1.33777877287340
1.03179975954377
1.25396643051947
1.26680668671617
1.19628885202993
3.50046814333641
1.38323128640266
1.10457960887142
1.19270753824482
2.42037450630305
1.61822465430406
1.72413675609843
1.61417064539428
1.16347262418500
2.80054607365807
1.00269491856826
1.25516394520052
1.56550670024691
3.64757219570030
1.35832069931207
1.31785391570415
1.70241835063502
2.05949877732666
1.26963636998381
1.35341538479107
1.67553795141710
1.94313834705136
1.65254622583361
2.14641835873999
1.01770273469467
1.05459790840001
1.02154733802712
1.09142630134110
2.46185180552081
1.50658816528427
1.09898185654801
4.04222769378895
1.47789239815639
2.42719773665665
1.21040520505957
1.14163832351676
1.83183924607624
1.44305049422173
1.18357392837161
1.01413042177936
1.08644506196635
2.15127206118752
1.44150277059623
1.30948266969257
1.05913400097804
1.64717081577559
1.07010555082268
1.54421723462118
1.10735817795600
1.40707123113254
1.22668513724133
1.12285066082325
1.05713060243479
1.08697740231381
2.80971547359458
1.90474980539673
1.00179691981106
2.29666835349777
1.15134534699745
2.96092049503206
2.49439895344505
1.24569363103894
1.20846218540860
1.08733318936504
1.27871720737262
1.19990004133495
2.36475890983702
1.17841502497099
2.59459419901744
1.11475388283655
1.24514799375788
1.23652533274043
1.55348318026328
1.35612799912557
1.01979710074756
1.27001724194866
1.48492716152370
1.03598192738906
1.12739246671424
2.09379925674087
1.64483333164812
2.28647661081259
1.01092134766925
1.00593079121931
1.28970181062654
1.12487125936232
1.55778120581591
2.37504832022178
1.99631414368142
3.75676896496323
1.45025888410127
1.47225344848412
1.73368427264165
2.78705324782063
1.10520850158697
1.82302946002517
1.11036440446692
1.11790558540103
2.08953655279287
1.45848885116454
1.00236568690853
4.73307095401658
2.85456908527358
2.79846371201372
1.40583894876972
1.46036248369482
1.01653143909197
2.00062712812233
2.03426913163347
1.54961998715539
1.25999859026603
1.40303374687229
1.45429733936427
1.34683886609120
1.07983610182980
1.69697308202533
1.75322694206640
1.99905177434234
1.20032006770030
2.26077530933917
1.19520026509671
1.17370138152407
1.17080045248074
2.05625087053715
1.21140967324519
1.24708488578738
1.75541789940797
1.01720306277688
1.08466667318172
1.31482251743474
1.12715444608537
2.04154823729594
1.67437288009166
2.49724451502022
1.12352158396947
1.33433902437533
1.93210023595307
1.05688626023486
1.34178603296012
1.40103946871382
1.80901451470636
3.80164896237930
1.08795365385716
1.02742925261874
1.59857129174064
1.14930441445385
1.50465655053699
1.76364010830966
1.36909860841572
1.71097746377227
2.28425634105933
2.63925965407851
1.85977054762957
1.16510367941432
1.19191902236127
1.10827240376947
1.57990837609259
2.12380504495979
1.05162194030125
1.30186312669210
1.64676436275029
2.06421923638987
1.43681527450752
1.02424902157842
1.33707001627319
2.13818320526924
10.6274629960470
2.57580582526190
1.03141373311892
2.07045638046483
1.90660130067875
2.01899896283340
1.11903559420160
1.21611544449589
1.57539681629881
6.61014377663564
1.35015402704639
1.40901739192977
5.93978180542963
2.05413997559901
7.02994573914027
1.12001771398831
1.01622060278194
1.08988865878881
1.88882223498272
2.11895968354565
1.67826291815200
1.22911414143374
1.70165586019310
1.02364084295434
2.74705351025003
1.05583126708604
4.34246639521974
1.26948717941889
1.07490901841527
1.20637867688557
3.14167443240229
2.13584736020801
1.11320295969998
1.10025771152670
3.06161658675107
2.08861825704252
2.19326168427536
1.12762996951799
1.11343158110052
1.68248888472804
1.06076508879826
1.42265002467812
1.78151984835282
1.08916408987698
1.26326951269425
2.28439257524752
3.32084701522495
1.09153755206601
1.95346737741530
1.50023643712042
1.10964392414281
1.79609460338894
1.19507182032462
1.64905193670949
1.14390983859680
1.39937914758189
2.03389968389777
1.62265712816055
1.15299174909728
1.69810841162311
1.22241157466121
1.06552127687012
1.70711164067513
4.35689062164059
2.50906735326347
1.08235508637881
1.78883372994582
1.72571118934149
1.42928505876944
1.33005290848982
1.27369237985728
2.51811879485991
1.15534387290428
1.18802035588216
1.50921923625592
1.63662765292729
1.34805596074958
2.71588083209017
4.66035239705759
2.33460990352688
1.89003538435561
1.06724242732695
1.04425002300372
2.49317907929437
1.24087358775785
3.25536007803840
1.53917464102781
1.02656557104246
1.12913580061731
1.08254310804127
1.30889754210519
2.85782288396815
1.04999316089142
3.77546550938596
3.94784504024617
1.16670780694973
1.01833145411627
1.36905042885072
1.55114279362905
1.91299655615778
1.22489281899093
1.03344739681060
3.03780916138803
2.41798963329011
1.26284127890190
2.06487835465507
1.33321596935393
1.44078416270457
1.50788048400468
1.15125643489849
1.07106985034744
1.60227461767651
1.60865641064078
1.14327256989860
2.65008729678340
1.06317102810228
2.91748626818780
1.27922546307392
1.19507704734134
2.01175947933771
1.16655820725060
1.45179069214637
1.13903987462717
1.02944395768647
2.40968089232523
1.06347726713621
1.47751111703389
1.63230548758667
1.00018796407716
1.09344492562606
1.00479251576272
2.01211501681954
1.83713606630821
1.24644206570029
1.74186454794852
1.04885843919272
2.37460027609554
1.31672443167953
1.05502384047093
1.05268369293764
1.05783528971377
1.61944408460384
1.11872456117393
1.31669939097582
2.28827651897439
1.22070777479259
1.17310614353786
2.34939171533192
1.12258009630511
1.70144530130574
1.53576147692766
1.51395772326351
1.20795985238405
1.08189621373853
1.07224617160465
2.52109774355936
1.37962100228531
1.14086388987210
2.13707440664406
1.77450166492757
1.09188171997968
1.07907689434622
1.73747016848748
1.71179904336673
1.67554718160100
1.10891459830240
2.37088316059806
1.60902779839142
3.84109979913250
1.71856865455266
1.15408762275408
1.02419682948187
1.01910409924264
1.88400855054121
1.14966689502438
1.08190412609185
1.02272969810787
2.28712891560406
2.50567353724081
1.13924853313164
1.99141182127780
1.18010793523706
1.22928765870278
1.22097134896637
1.03508044998014
1.04096290673799
1.40696056387867
1.26602227804953
1.30921754950745
1.62154264295744
1.72395736758185
1.65636735943273
1.23110298285338
1.97934539405172
1.81221760564808
1.55525894245498
2.92031204507489
4.83420157434310
2.67336839492288
1.21300134767306
1.72410713859999
3.25528572196350
1.78290571063234
33.8015046786010
1.41335737195110
1.17274298334002
1.80601454651477
14.1598869366325
1.12535688426155
1.30825823973828
1.09239558436000
1.15448657574175
1.28427777604310
1.23107035216381
3.74043889666362
1.35175112710586
1.45335109626139
1.41584857283337
2.29613032949793
2.26361515569665
1.06468614140067
1.61870421238124
2.09761884970064
1.18249121511077
1.16970684595559
1.36860036090295
1.26113364801291
1.38573909261950
1.33417286541768
1.15874481432555
1.07904166873733
1.16735473350731
1.23890317118417
1.15664685788113
1.00897850298601
1.34931694547948
3.23730898570372
1.70763121244961
1.08048607371015
1.16129751286803
2.18877977033992
1.91523052887659
2.37770967508141
3.96223048710433
1.11191554492048
1.45393023061712
1.17901081762352
1.30011360322316
1.14696768111004
1.24761968918720
1.09390662699477
1.00126725206685
1.29821751578117
1.17819852265049
1.10248525592964
1.55353309313510
1.89496670009176
1.89409197804829
1.42651482810349
1.21799682722156
1.35436951865164
1.19257433569401
1.77618731811748
3.64488378235211
1.18824330371938
1.38143981086485
1.28199264246017
1.21169481001646
1.29119441333748
2.85822265091319
4.62054607097295
1.00219895099821
1.58396901962113
2.15955833579032
1.66322050184585
1.06420007585998
1.85859724988500
1.05277725057517
1.55186286805005
2.56128158096720
1.14014292032605
1.11524095863036
Selection intensity
0.005
