   4
   6  173  430  657
   7
  53  222  531  569  719  907  986
   6
  53  139  144  217  795  994
   5
 117  150  366  462  996
  10
 287  364  403  496  539  620  798  805  808  939
  14
   1  107  374  392  398  474  607  633  675  747  834  856  901  914
   5
  54   91  552  752  871
   7
 418  426  455  503  547  753  834
   5
 169  293  839  868  934
   6
  18  176  465  576  641  945
   4
  27  676  982  986
   9
  60   80  310  447  491  722  733  771  972
   9
 250  259  303  403  647  677  880  898  942
  11
  55  179  185  489  508  578  588  620  822  941  972
   7
 142  472  823  887  908  941  988
  13
  26   47   74  133  181  293  402  549  554  588  591  639  971
  12
  90  195  281  347  522  580  585  730  878  918  919  952
   9
  10   81   90  137  374  771  773  838  907
   9
  27  116  205  226  487  578  686  792  960
  11
  40  146  513  522  535  554  608  626  681  848  874
   5
  55  191  767  776  976
   3
  70  239  364
   9
  68   87  282  357  601  611  639  820  922
  10
 119  150  249  401  509  584  686  711  808  939
  13
  51  119  151  171  567  611  669  704  717  745  820  864  912
  11
  16   68  269  430  447  584  641  689  785  834  962
  15
  11   19   50  139  338  465  501  568  647  685  796  811  895  965  996
   7
  29  276  558  572  663  729  765
  11
  28  260  313  447  546  588  758  761  842  894  925
   7
  35  211  346  654  774  909  932
   2
 137  304
  10
  47  150  269  450  504  539  583  598  681  733
   9
 112  232  283  338  345  697  738  854  991
   7
  53  124  179  539  618  821  999
   9
  30   69  126  351  514  545  597  710  900
   2
  99  135
  11
 154  407  438  448  457  480  512  730  757  765  801
   7
 376  483  572  614  707  854  865
   8
  73  115  155  393  405  589  799  820
   8
  20  225  255  263  537  564  581  797
   9
  54   60  155  275  462  464  625  649  903
   5
 229  267  327  391  916
   9
 308  351  377  649  748  878  885  922  961
   8
 201  433  481  697  831  849  865  873
   8
 178  200  310  453  504  650  819  886
   5
 263  622  655  776  883
  13
  16   32  185  199  305  557  705  765  797  810  836  864  938
  10
  88   94  100  345  461  605  614  894  947  957
   9
 126  218  376  481  493  767  804  907  992
   7
  27  187  586  658  673  778  872
  10
  25  338  345  420  447  473  518  541  758  996
   6
 118  303  543  726  816  904
   8
   2    3   34  172  377  423  540  762
   8
   7   41   80  473  489  730  955  997
   7
  14   21  317  636  674  711  848
  10
  87   89  247  270  442  627  636  667  701  769
   7
  79  128  396  446  701  710  834
   9
 260  277  445  531  566  767  897  938  961
  14
  90  169  388  520  560  627  670  673  737  807  831  866  896  968
   8
  12   41  170  280  388  522  698  862
   7
 544  556  639  820  880  900  986
   8
 212  366  387  495  691  766  875  963
   6
  69   75  100  135  393  497
   6
 160  180  312  807  886  985
  11
 171  194  257  319  556  752  778  918  936  963  968
   6
 280  390  453  547  752  847
   8
  76   93  153  553  631  642  670  948
   3
  23   26  915
   8
  35   63  211  248  344  379  816  846
  13
  22  139  240  246  381  441  466  482  506  586  720  747  822
   8
 304  454  574  613  651  659  674  864
   8
 116  188  461  619  747  756  820  959
   5
  39  124  425  667  704
   7
  16  495  500  529  532  665  686
   4
  63  115  136  788
  14
  67   90  189  222  250  284  324  514  603  629  654  719  901  981
   6
 306  369  462  623  775  965
   2
 215  830
   7
  57  221  323  420  531  858  860
   7
  12   54  315  612  790  829  935
   9
  18  147  415  419  532  722  804  827  910
   8
 195  386  438  532  613  692  742  933
   7
 171  208  323  410  823  922  998
   5
  85  274  355  442  871
   9
  84  192  208  443  510  642  770  775  902
   5
 208  375  502  789  913
   9
  23   56  448  501  737  934  959  966  997
  12
  48  256  273  310  325  410  450  461  618  803  809  916
   9
  56   94  191  207  268  458  573  677  878
  10
  17   18   59   76  119  220  475  493  643  668
   8
   7  348  646  650  674  691  880  883
   5
 128  216  671  741  968
   4
  67  284  747  749
   7
  48   89  265  318  417  541  584
   4
 146  327  718  864
   9
 115  275  288  295  368  623  640  680  954
   2
 159  747
   8
 342  376  433  434  593  727  745  949
  12
  36  194  225  330  393  397  407  491  655  832  874  955
  13
  48   63  103  139  159  235  253  316  333  337  535  660  807
   4
 254  392  406  750
   5
 386  478  686  696  969
   9
 100  248  340  444  480  612  665  784  835
  11
 202  257  339  351  478  697  732  768  801  838  997
   6
 146  494  693  755  777  881
   6
 176  446  618  660  739  986
   3
   6  261  926
   7
 278  406  586  644  723  799  892
   7
 144  176  222  702  717  882  964
   3
 282  291  760
   5
 251  443  522  679  763
   3
  33  541  569
   8
 279  345  580  763  879  882  907  960
  10
 141  157  485  492  605  684  729  905  962  994
   6
  39   75   96  501  703  970
  11
  19   72  360  419  497  621  681  811  890  915  985
   9
   4  232  298  447  700  758  767  899  979
   9
  52  210  357  464  568  648  757  779  891
  10
  24   25   90  338  382  401  544  583  599  925
   7
 121  285  517  540  643  645  980
   9
 120  180  239  498  620  639  819  843  930
  11
 295  329  349  531  554  580  621  637  780  923  926
   6
 416  511  575  617  649  936
  13
  34   73  214  454  485  490  607  625  676  681  910  934  960
   7
 184  248  256  597  754  771  949
  12
  35   49  143  210  236  330  532  803  931  933  936  962
   4
 337  599  632  767
  11
  57   92  220  624  694  711  788  811  887  954  968
  10
 161  196  211  367  579  685  776  877  900  949
   7
 146  398  415  491  613  779  839
   6
 200  246  360  465  585  886
   5
 236  523  562  778  976
   9
  16  136  411  427  498  511  780  863  911
  10
 153  355  370  372  461  598  684  716  861  931
  15
  36   63  229  296  306  335  597  615  634  635  661  814  931  971  984
   9
  75  133  247  401  516  683  820  876  933
  10
  18   31  188  224  656  667  745  791  873  914
   7
 239  523  545  606  712  740  857
  10
   3   27   70  100  502  613  738  807  825  830
   7
 223  232  360  393  597  660  670
   7
 114  305  446  489  554  914  956
   9
  15  425  447  449  643  650  829  846  948
   8
 126  217  284  410  467  705  806  863
  10
   3  109  147  251  651  667  713  876  961  970
   7
 162  294  422  516  590  827  945
   9
  20   95  105  130  204  338  734  873  874
  13
  81  144  164  197  202  254  428  512  551  789  905  922  925
   6
 161  170  408  585  761  796
   6
 336  457  458  901  968  999
  11
   4   24   32  159  328  506  772  773  796  945  987
   8
  25  174  252  301  481  489  777  980
   5
 291  335  518  743  997
   7
  67  134  154  172  263  572  962
   8
  37  153  177  662  683  688  884  937
   7
  39   41  246  303  579  794  936
   9
 254  413  430  532  590  806  824  933  995
   7
 114  507  532  580  695  702  768
   8
 354  521  583  596  716  729  744  747
   7
  97  100  150  368  491  551  713
   4
  64  439  725  849
  10
 129  148  165  219  266  318  738  740  767  973
   6
 145  339  577  637  882  986
   5
 385  395  711  927  929
  13
 147  328  343  380  459  578  678  702  751  848  928  948  991
   5
 161  434  448  631  801
   9
 277  314  511  530  582  641  679  868  898
   6
 211  331  590  599  805  948
   8
 241  340  345  422  461  487  493  812
  10
   9   59  196  321  362  565  605  842  851  900
  12
  60  148  205  317  383  468  485  651  657  714  891  978
   8
  25   65   83  224  277  316  615  973
   7
  53  153  196  697  743  786  999
   8
   1  186  338  439  673  767  819  893
  10
 151  221  290  360  379  380  439  513  882  970
   9
 227  389  409  530  631  719  725  806  930
  13
  10  106  109  200  280  296  727  760  781  796  814  848  946
  12
 154  202  214  364  416  451  469  611  716  745  793  963
   8
  45  299  406  697  710  747  754  840
   6
  14   34  702  761  898  981
  12
  64  121  280  296  558  637  664  703  744  905  919  997
   8
  16  186  400  511  576  780  807  865
  10
 233  296  427  522  544  617  682  745  775  936
   7
 326  365  537  582  718  989  993
  10
 125  421  423  495  522  539  625  640  684  871
   9
  14   47  307  633  699  903  935  961  981
   4
 173  181  246  757
  10
  50  284  288  291  347  445  564  733  891  945
   7
  72  137  382  606  793  847  922
   5
  76  366  378  493  616
  11
 211  278  417  458  596  641  685  804  827  852  958
  10
  21   89  197  206  294  396  563  573  582  836
   9
  85  249  366  440  488  514  679  914  957
   3
 251  361  492
   9
  65   99  378  456  498  630  725  800  802
   7
  17   82  467  567  673  781  928
  11
 129  169  172  375  569  666  686  780  798  872  915
  12
 147  191  206  235  305  313  388  466  729  822  898  940
   8
 379  413  643  658  718  770  910  966
   8
  47  351  519  544  566  748  794  805
  12
  45  131  176  244  274  386  547  731  763  880  885  940
   6
  44  283  515  647  658  926
   9
 104  147  177  204  715  744  787  984  996
   6
 321  512  625  784  859  924
   8
 146  202  447  714  719  755  761  854
  12
  19  170  263  500  638  644  662  744  771  775  890  990
   4
 191  197  296  584
   8
  89  323  371  390  411  415  580  731
   7
  83   85   86  398  756  919  933
   5
 442  489  721  749  787
   8
 118  126  309  401  764  792  797  799
  12
  30   69  129  167  190  272  372  481  595  720  969  999
   5
  62  227  257  853  996
   4
 242  662  768  907
   4
 124  177  263  670
   6
  78  469  552  595  804  831
   9
  92  266  268  291  346  709  826  904  975
   8
   3  143  473  530  557  560  652  856
   6
  49  446  524  629  695  860
   3
 161  533  980
   7
  90  128  330  529  545  640  677
   7
  79  174  373  490  540  669  681
   9
   2   76  109  454  481  519  574  735  989
   7
 140  260  296  326  382  644  782
  12
 137  171  233  432  459  467  559  617  630  929  934  971
   7
  40   99  465  518  568  787  950
   5
  19  436  733  851  886
  10
 175  212  330  422  474  577  648  658  660  759
   5
 363  365  671  694  829
   9
  42  135  290  407  438  655  675  696  698
   5
 400  444  668  689  970
   5
 399  579  835  909  998
  12
  33  117  140  240  370  703  745  748  773  775  822  844
   9
 182  224  274  368  557  640  734  904  937
   9
 334  365  408  431  529  571  811  838  988
   5
 100  197  379  583  688
  14
 126  132  301  351  365  471  490  507  643  706  735  753  892  970
   5
 458  671  683  696  790
   4
 298  359  363  879
  12
  22  121  138  270  325  402  484  555  752  821  878  909
  10
  70  232  254  314  370  455  651  664  851  922
   4
 168  252  643  817
   8
 213  374  410  505  517  805  868  945
   5
 432  484  547  710  774
  11
 200  281  293  319  350  664  710  803  939  956  990
   5
 529  540  634  815  971
   6
  70  131  155  186  788  810
   9
  56  136  435  534  585  664  732  791  808
   9
  69  103  125  380  452  462  667  676  941
   8
  24  192  672  718  874  916  964  979
   5
  13   76  331  693  718
   6
 111  144  193  414  436  739
   7
 151  241  409  602  728  793  918
  12
 100  267  387  427  435  501  561  618  622  722  874  946
  13
 101  147  156  240  271  293  460  471  525  545  897  921  960
   7
  40  367  413  480  493  551  818
   8
  88  125  358  449  497  553  694  775
   8
  65  104  212  418  441  442  603  813
   8
 404  408  463  480  683  716  731  871
   6
  13  447  580  904  929  945
   6
  29   58  223  833  841  875
   9
 107  299  354  391  695  701  867  874  969
   2
 328  959
   8
  40   46  153  205  214  673  814  843
   9
 356  360  473  527  636  742  783  870  914
   7
  94  478  574  670  702  797  990
   9
 161  216  373  408  551  719  793  922  936
   9
  42  253  553  562  750  774  831  962  995
   8
  89  216  434  481  620  808  926  929
  12
  26   32  321  399  440  527  589  618  650  672  675  760
  10
  56  239  307  326  370  430  531  560  721  836
   4
 254  548  637  818
   8
 211  311  640  686  760  792  906  995
  10
  88  284  534  535  636  666  739  839  897  904
  11
  84  200  233  347  556  607  742  762  795  820  983
   7
  41   96  504  676  730  789  849
   6
  28  415  523  699  774  873
   8
  58  166  171  327  670  797  845  926
  14
 108  190  288  398  459  460  466  472  495  558  681  745  763  855
   7
 113  376  386  533  706  942  979
   8
  60   66  176  180  644  758  835  941
  11
  17  244  317  329  413  421  701  714  734  748  988
   5
  23  110  549  657  686
   5
  33  201  515  570  918
  10
  76   93  143  187  273  297  432  447  471  636
   6
 120  286  671  704  887  998
   8
 285  380  467  573  763  785  851  913
   5
   5  333  386  849  940
   9
  96  187  278  374  430  582  918  929  984
   6
 358  439  475  573  870  989
   5
 174  229  411  702  981
  11
 110  152  187  216  329  483  749  858  933  944  982
   7
 331  333  348  532  800  809  908
   9
   9   16  244  254  313  421  531  685  762
   6
 145  191  510  618  805  906
   6
  96  122  446  729  736  852
  11
 135  176  180  182  206  223  330  456  563  688  759
   7
 284  349  494  659  695  876  959
   7
 117  238  414  692  743  771  932
  11
 178  261  311  397  449  621  638  759  793  826  843
   6
 437  448  556  648  837  894
   9
 151  236  311  363  587  742  777  891  913
   6
 312  595  659  729  850  888
  12
  13   52  155  346  360  469  602  696  793  834  902  993
   7
  31   71  355  595  670  673  789
  12
  47  141  197  374  399  477  551  627  706  870  917  936
   9
  77  135  334  419  604  704  725  937  968
   6
 185  270  389  445  698  988
   8
  43  361  391  395  435  556  602  761
   2
 210  776
   9
  12   45   88  586  775  834  838  853  906
   6
 272  299  301  544  554  769
   4
  64  302  479  711
  13
  29  197  293  383  553  586  605  607  739  770  772  863  889
   9
 166  240  492  514  656  712  804  873  988
   3
  80  922  990
   7
 100  171  441  530  689  768  830
   7
  55  170  281  605  710  864  942
   5
  94  161  552  645  720
   6
  65  244  645  663  722  952
   8
 348  427  462  770  830  888  935  948
   6
 169  203  269  519  727  778
   7
 415  598  649  706  737  918  925
   9
  79   83  207  332  357  370  717  848  923
   4
  76  737  831  883
   4
  88  239  423  427
   9
 183  223  270  419  519  571  713  740  978
  13
  42   95  277  492  634  666  700  747  820  881  889  942  988
   9
 150  164  262  452  501  691  728  768  784
   9
 122  281  291  445  516  535  918  976  997
   8
  99  126  220  227  296  686  812  953
   7
 167  250  292  415  684  718  814
   5
 323  410  439  870  971
  13
 100  287  292  530  596  601  604  648  694  727  849  861  891
   7
 234  306  610  771  826  907  927
   9
 135  152  346  504  619  662  689  749  973
   6
 149  421  653  654  705  716
   4
 100  127  442  875
  13
  27   33   51  119  146  173  415  502  675  717  762  827  863
   7
 104  162  500  552  617  619  907
   6
 103  168  360  385  561  872
   6
 435  637  690  732  776  951
   5
  98  452  647  656  945
   5
 164  460  480  921  922
   4
  69  450  473  783
  13
  33   48   51  113  168  435  455  663  780  906  909  974  996
   8
  30  216  303  335  570  956  977  980
   7
  17  187  274  530  555  601  879
  10
  91  292  320  434  453  499  648  873  877  882
   4
 122  297  364  501
   5
 244  544  643  671  978
  11
  35   43  104  199  236  353  495  559  716  951  990
   3
 428  727  995
   5
 351  480  613  898  916
   7
 158  261  450  588  854  912  943
  10
  84  134  304  397  416  520  586  739  909  991
   7
 264  357  654  719  739  965  975
   9
  23  118  323  356  598  603  695  736  794
   8
 256  289  428  581  614  631  655  784
   6
 238  360  370  769  885  953
  15
 116  131  140  174  264  303  340  359  402  418  599  664  802  954  958
   7
 193  308  417  474  482  582  763
   8
 169  366  373  442  443  648  688  912
   7
 228  238  301  460  823  873  882
  12
   5   22  177  349  391  475  613  676  748  877  916  996
  10
 183  228  234  236  418  420  438  534  542  946
  13
   4   62  189  192  362  454  516  589  605  617  709  817  871
   7
 129  255  403  678  754  829  861
  10
  96  159  233  435  441  540  818  901  978  987
   5
  77  563  591  608  908
   9
 134  232  240  270  323  359  546  601  984
   3
 207  563  979
   7
 134  211  432  702  704  813  895
  12
 221  266  362  585  594  637  734  855  909  913  915  959
  10
   6   18  242  288  305  500  608  748  919  972
   7
  86  196  530  563  758  799  924
   9
  38   49   98  279  575  749  799  807  983
   4
  43   53  801  825
   8
 189  194  419  619  849  899  946  975
   9
  69  174  198  235  407  472  585  825  847
   8
 164  174  248  286  474  505  672  871
   9
  70  465  514  642  667  672  770  868  898
   9
 119  188  223  387  487  751  840  906  940
   6
 170  313  430  434  639  846
   3
 551  564  698
  10
 163  340  520  535  543  623  777  856  857  867
   6
  82  102  200  279  287  903
   8
  62  253  382  392  544  730  760  772
  10
  59   60  197  609  618  731  814  823  850  911
  12
 175  307  431  469  504  524  525  572  749  795  927  952
  10
  66  207  448  504  568  627  845  878  969  994
   9
  42  261  308  364  513  520  711  842  976
   9
   6  101  387  507  516  530  648  744  955
  12
  39   63   99  140  420  604  662  755  766  779  793  909
   5
 411  751  774  790  975
   6
 163  308  524  614  709  714
   8
  57  191  558  612  698  770  805  863
   8
  99  299  355  421  552  575  831  863
   9
   6  130  208  278  469  549  637  681  981
   7
 231  269  305  552  589  872  988
   6
 181  230  587  636  748  754
  15
  24  119  136  210  431  460  485  562  581  587  653  687  714  973  997
   7
  16  239  360  432  575  934  944
  12
   5   13  367  556  683  718  765  778  835  854  858  903
   5
 258  441  635  847  964
   9
  39  466  481  509  522  556  726  812  905
  10
 101  108  178  543  569  574  633  668  683  927
   8
  37   99  229  379  618  648  960  996
   7
 148  234  258  266  599  695  818
   6
 175  252  471  530  710  987
  11
  83   88  143  242  332  500  528  694  735  816  925
   6
 133  207  290  394  728  820
   6
 479  580  694  817  837  986
  10
 156  198  255  281  435  522  560  611  754  975
   5
 251  298  753  794  930
  10
  81  130  207  276  322  331  338  448  768  917
   9
 123  177  355  581  658  770  836  870  895
   6
  94  190  361  597  966  975
   5
   8  257  360  365  522
   8
  81  116  306  326  378  430  788  961
   6
  51   79  365  393  566  998
  12
 184  281  293  336  397  440  494  501  502  813  905  982
   8
 145  168  227  505  538  549  750  911
   8
  53  184  325  429  434  562  743  886
   3
 668  710  860
   4
  73  142  523  745
   4
   8  602  869  986
   7
 133  182  253  320  325  630  748
   3
 147  352  358
   3
 423  463  633
  10
   1   26  156  270  288  383  419  685  912  995
   7
 234  389  401  488  597  685  993
  11
 224  243  284  372  402  459  474  654  822  954  988
  10
  44   98  504  686  760  763  901  908  927  987
   8
  98  165  268  348  383  423  615  999
  12
 247  253  308  341  345  368  413  476  582  611  650  695
   7
 226  251  487  522  609  646  765
   7
 300  542  595  745  914  919  944
   6
  37   82  229  365  638  753
  13
 160  173  174  289  332  453  679  713  785  794  845  902  982
   5
 192  269  421  526  631
   6
  70  257  316  368  404  624
   6
  56   84  209  257  337  362
   6
  85  111  362  575  652  792
   4
 103  230  653  987
   8
  58  187  307  329  596  616  774  860
   6
  57  106  141  218  295  555
  12
  12   26   29   51  117  142  204  259  284  689  926  928
  11
  37   87  165  300  390  415  463  768  854  910  984
   4
 142  256  299  568
   6
  32   88  344  354  728  791
   4
 177  533  795  865
   3
 248  328  342
   8
  45   66  348  439  502  875  946  983
   7
  71  124  222  366  764  807  999
   5
   8  240  345  647  943
   7
 194  296  517  560  674  695  912
   4
  37  149  650  954
  10
  89  149  190  237  562  586  673  793  971  972
   7
 164  224  278  432  745  859  977
  10
 254  278  343  363  401  508  761  833  917  955
   9
  48   72   88  134  168  624  703  938  985
   9
   4   41   77  248  320  485  634  723  800
   7
 258  429  448  599  669  814  968
   3
  41  118  936
   7
  10   27  131  225  381  605  929
   8
  70  197  278  405  514  586  683  876
   6
 143  195  224  286  539  736
   9
 170  476  510  537  558  569  800  815  839
  15
 177  215  303  389  398  510  545  586  604  632  735  803  811  866  990
   6
 555  564  565  719  821  991
  10
 236  254  284  409  574  674  692  747  819  916
   7
  15  278  379  520  752  764  978
  12
  51   54  217  264  344  492  493  509  780  839  881  930
   9
   6  227  361  380  432  544  729  752  797
   9
  90  289  364  484  691  753  799  958  968
   5
 435  468  715  899  961
   6
 305  552  713  845  858  952
   9
 102  104  265  522  686  831  850  877  920
   7
 312  412  495  501  759  789  893
  12
  37  103  255  258  343  353  495  496  726  752  830  974
  12
  44   49  151  211  222  268  405  773  828  830  951  967
   5
  70  361  569  806  891
   4
  38  291  562  949
   8
 239  243  475  491  647  661  681  938
  10
 114  124  170  401  462  587  736  845  856  996
   7
 503  507  578  740  750  765  935
   9
  19  168  382  436  490  575  664  737  824
   4
 192  431  534  772
   7
  14   54  141  151  209  732  822
  12
 124  221  236  487  518  560  619  623  852  874  942  976
  11
  12   99  130  159  484  579  656  751  774  784  833
  10
 114  193  314  327  473  523  525  692  798  976
  10
  49   90  168  189  255  473  524  931  955  980
   6
 105  297  421  669  722  925
  13
  62   74  184  278  351  479  480  517  548  605  668  816  847
   7
   5  480  498  669  756  874  962
   5
  63  116  256  794  998
  10
 121  133  194  496  504  627  767  803  938  990
   5
 348  537  584  693  782
   6
  74  205  339  374  410  603
  13
  27   87  115  253  328  349  421  479  608  743  814  946  964
   6
  86  139  338  421  453  826
   6
   8  486  509  600  797  952
  10
  32   45  275  335  389  390  433  498  562  999
   5
 242  380  422  663  964
   7
  70  150  638  662  808  855  979
   8
 157  236  392  486  571  598  678  749
   4
  14  460  842  861
   7
  24  405  473  503  782  795  850
   9
  85  294  468  469  756  782  808  810  962
   8
 123  133  166  181  588  840  865  890
   9
  37  147  203  518  602  645  697  770  950
  10
  20  174  391  587  618  732  778  845  897  974
  11
  35   76  192  314  381  466  543  557  574  641  819
   9
 201  283  605  610  781  824  867  985  997
   7
 136  145  329  366  392  872  961
   7
 120  242  456  495  614  877  950
   8
  51  152  225  490  512  625  704  817
   6
 199  222  321  326  613  826
  10
  59  355  385  391  472  720  823  904  981  989
   7
 158  569  624  761  893  940  969
  18
  17   20   60  111  182  184  405  413  418  436  478  723  738  758  762  819  849  893
  11
 132  138  276  425  492  615  653  744  917  919  986
   6
 218  389  395  493  562  669
   9
 254  389  492  662  684  730  787  808  897
   7
 440  547  736  751  758  821  833
   7
 264  269  714  787  807  869  926
   2
 410  595
   9
  74  220  234  245  595  609  693  911  927
  12
 166  175  217  316  333  347  375  392  409  578  668  850
  11
   2   58   79  122  270  293  595  737  830  876  903
  12
  74   81   82  126  156  157  292  571  676  835  846  932
   6
 219  279  451  679  778  816
   8
 247  273  365  488  668  893  908  976
  11
  20  100  273  329  385  546  766  844  895  936  993
  10
 592  614  626  689  771  821  870  903  925  989
   7
  40  183  468  499  737  861  959
   5
 422  632  775  820  855
   9
   5   32   34  184  467  542  548  594  800
   7
  53  120  221  245  368  559  714
   7
  51   94  112  553  633  888  949
   7
 365  437  539  696  900  906  942
   7
  52  385  406  514  722  916  931
  10
  61  119  182  199  311  350  387  474  578  710
   8
  35  138  220  254  469  629  739  895
   7
  29  370  535  569  660  661  906
   8
   8   66  200  243  526  592  850  919
   5
 271  495  539  577  958
   8
  16  282  398  422  830  853  864  901
   2
 652  695
   7
 147  159  255  266  305  384  909
  12
   7  215  318  339  397  399  477  587  635  769  870  905
   8
  67  256  267  313  541  583  850  925
  12
  16   20  122  141  311  588  608  642  676  775  930  976
   6
 239  347  446  470  731  782
  10
  61   65  274  300  308  403  405  666  736 1000
   8
  47  217  233  514  637  759  905  921
   8
  28  180  278  396  468  573  677  771
   7
 224  351  540  641  904  924  932
  12
  59  217  270  413  456  490  599  785  942  967  974  989
   6
 253  340  630  760  766  925
   9
 132  267  401  423  458  483  504  524  598
   9
 191  296  369  371  375  774  917  953  985
   4
  40  187  384  470
  10
 169  470  664  701  717  824  860  891  902  914
   7
  58  199  420  611  868  939  996
   8
  25  195  726  782  801  883  947  961
   7
  27  118  225  390  449  653  722
  10
   2  112  196  406  468  482  521  546  914  965
   4
 283  346  834  843
   7
 234  326  507  532  695  826  969
   7
  28   38  153  389  671  685  934
   8
  89  191  286  289  558  839  905  923
  11
  71  222  265  406  471  514  627  697  716  859  917
   9
 123  376  397  402  443  487  684  868  947
   7
  10  181  627  715  832  927  973
   5
 162  227  548  641  867
   9
  14   19  164  486  530  544  744  762  843
   5
 129  155  231  491  867
  12
  17  113  122  157  207  259  412  598  827  886  928  950
   8
  40  358  401  416  762  775  847  976
   8
 166  183  191  288  361  435  862  936
   9
  32  119  158  235  553  718  764  902  942
   7
  24   26   94  206  499  682  932
  10
  17  131  148  247  373  379  690  759  862  937
  10
  50   70  108  310  313  355  458  466  469  808
   8
 301  400  401  485  513  552  685  763
  10
  14   16   29  354  511  554  593  597  851  949
   6
  39  269  366  399  613  776
   6
 145  156  167  600  761  811
   4
  16  369  717  733
   5
 536  547  593  759  902
   4
  98  588  592  952
   3
 373  539  914
  14
 211  215  302  304  437  528  529  531  610  734  767  853  922  978
   9
 158  190  333  445  601  658  775  797  885
  11
  35  125  135  140  417  431  588  656  749  757  912
  10
  32  134  322  357  507  562  580  615  789  804
  10
 119  127  167  360  408  463  560  817  837  846
   6
 503  590  653  737  753  984
   7
  23  333  347  370  596  873  933
   7
 252  303  308  426  512  775  990
  11
  76  257  357  500  655  658  674  752  847  859  894
   7
 306  333  393  469  693  793  989
  10
  48  114  169  313  317  366  465  495  515  696
   5
 138  188  691  761  793
   9
   6  124  274  313  700  712  760  844  872
   6
  20  369  374  501  554  854
   6
 388  436  529  612  680  955
   7
 334  515  595  731  742  869  994
   7
  23   25  177  413  435  566  737
   7
  80  103  396  609  722  815  954
  12
  71   82  130  139  353  364  519  589  644  715  916  935
  10
  38   48  358  395  517  536  652  723  911  936
   9
 135  171  434  523  598  647  787  854  898
   7
 189  445  620  662  784  888  900
   9
 123  182  224  339  366  705  766  808  935
  10
  34   88  106  253  269  294  388  407  513  729
   9
  72  335  339  378  490  643  767  894  903
   8
   5   14  121  268  616  724  925  992
   5
 116  122  299  872  887
   7
  46  253  742  815  836  880  960
   5
  77   96  385  490  732
   8
 128  441  461  521  738  770  933  967
   7
  41  124  184  203  518  800  890
   4
  20  536  784  911
  10
  56   59  305  390  498  574  576  761  784  870
   4
 699  731  772  863
   9
  76  218  545  686  746  784  866  890  901
   7
 194  224  427  561  691  721  849
   8
  67  165  175  358  440  859  911  998
   5
 127  469  538  905  977
   9
   6  185  406  429  541  714  749  878  891
   6
 135  245  327  462  737  867
   6
 135  404  552  702  815  874
  11
  55   56  264  273  284  400  676  721  807  884  958
  10
 122  162  180  271  341  373  398  557  648  658
   6
 205  299  438  506  666  728
  10
  16   23   61  121  383  715  741  745  899  939
   6
  96  184  220  233  272  723
   9
  10   26  166  190  514  559  577  686  809
   4
  67   85  381  554
  12
  90  120  142  198  236  241  350  619  774  775  844  979
   5
 108  205  223  280  613
   8
 120  318  319  512  669  834  928  973
   5
  91  436  832  843  882
   9
  13   27  201  342  455  484  615  949  969
  12
 118  227  300  333  348  362  392  407  637  786  792  895
   8
  41   43  123  322  707  721  750  840
  11
  45   91  142  269  435  457  861  863  894  936  942
   8
  71  144  170  240  750  760  782  908
   8
 217  443  550  614  719  722  869  936
   8
 336  401  444  523  568  600  738  949
  11
  30   76  336  356  432  736  762  772  849  862  901
   8
  46   99  229  358  603  755  927  929
   6
 137  314  342  491  597  693
   5
   1  170  282  711  799
  10
  50  198  201  227  416  596  603  637  754  836
   5
  71  297  302  810  954
   6
 100  106  140  227  546  681
   5
 135  484  546  720  893
  13
 154  205  213  335  393  506  525  616  725  816  844  878  937
   5
  28  319  345  505  835
   9
 180  240  244  247  360  487  565  842  920
   3
  74  103  674
   6
 196  273  327  556  638  783
   9
  56   73  137  144  248  381  711  926  992
  12
  90  230  406  424  495  530  534  711  721  735  788  799
   9
  25  221  463  494  496  524  645  783  813
  10
  59   67  140  214  265  277  304  792  949  992
   9
  92  228  237  285  350  572  685  753  771
   7
 249  269  380  381  679  686  876
  10
  50   59  173  195  263  304  458  707  774  836
  13
  55   71   91  456  471  603  665  688  713  767  807  974  979
   7
   6  229  269  338  818  868  873
  10
  11  124  248  275  364  532  554  636  796  972
   5
  13   89  220  558  729
   5
 164  367  507  724  877
  10
 111  166  192  439  533  672  888  962  964  988
   2
  96  609
  13
  20   32  116  124  221  278  398  484  660  727  893  909  911
  10
 182  584  691  702  740  747  900  921  952  955
  12
 136  154  237  258  403  406  466  701  865  887  964  984
   8
 114  134  184  331  525  575  864  877
  12
  27  129  190  293  430  431  572  587  671  843  869  907
  15
  19   24   74  102  196  272  282  330  433  478  629  641  672  744  844
   2
 401  863
   7
 154  235  296  362  674  701  811
  14
  26  230  316  335  447  536  710  726  739  784  840  873  924  937
   6
 341  585  784  918  922  940
  11
  62   91  328  475  606  630  682  759  790  794  916
   9
  82  298  471  492  777  804  866  871 1000
   7
 105  250  499  529  604  656  757
   8
 128  228  256  333  410  412  739  791
  12
 157  218  261  297  357  408  435  456  550  571  766  820
   9
 102  229  237  303  542  605  812  863  900
   9
  33   44  104  172  178  512  574  747  941
   7
  60  229  307  384  396  826  898
   6
 185  276  628  838  964  980
   5
 117  327  607  714  956
  11
  56   57  261  281  565  683  688  714  964  974  992
  13
 109  157  164  179  265  290  372  635  682  718  764  939  952
   7
 115  180  232  461  725  841  879
  12
  25   73  285  306  372  518  764  803  851  874  888  904
   7
  47  143  336  617  839  899  985
   6
 236  279  305  322  810  825
   8
  38  649  673  736  768  807  946  984
   2
 758  971
   7
 216  366  395  725  774  863  958
  10
  35   57  178  243  244  317  409  424  544  689
  10
  24   55  128  163  312  391  657  667  668  771
   5
 138  314  607  799  804
  10
 144  159  326  439  477  674  775  811  890  965
  14
 170  204  281  395  401  527  540  633  700  701  848  868  920  951
   5
 202  476  576  613  639
   7
 134  158  177  258  336  351  574
   9
  25  109  323  338  565  591  723  847  930
  10
  95  183  198  249  250  331  403  583  702  824
  10
   2   76  175  204  266  356  470  652  796  880
   7
  70  211  318  520  661  743  960
   7
 209  270  630  636  649  668  836
  11
  12   81  253  319  494  543  568  612  652  908  994
  12
 108  462  522  614  640  717  735  763  795  903  917  985
   3
 620  678  787
   8
 160  175  194  306  662  703  709  831
   7
  52  405  480  567  689  732  786
   6
  98  176  321  333  352  681
   5
 252  328  411  450  638
  11
  28  114  158  197  295  302  474  618  677  863  895
   7
  17   37   54  275  387  525  921
   8
 200  207  258  388  555  610  628  786
  10
 104  247  341  489  513  623  726  753  781  877
   7
  12   32  187  226  591  749  884
   7
 146  233  281  373  595  747 1000
   6
 222  236  410  469  668  723
  10
 295  357  467  485  526  556  654  707  922  965
  11
  59   87  322  324  487  531  537  600  611  634  826
   7
  33  139  161  522  624  653  782
  10
 106  251  273  313  355  356  545  689  694  811
   6
 138  161  326  486  682  846
   4
  92  639  742  743
  10
  82  264  274  301  610  622  741  815  931  998
   8
 152  172  298  423  501  720  741  877
  10
 158  180  202  205  392  523  578  686  815  984
  12
  25   98  137  177  182  232  278  425  437  459  639  842
   4
 629  809  886  971
  17
   6   70   72   93   97  158  178  327  471  682  697  734  825  854  905  918  981
  11
  43  199  232  281  364  374  400  427  753  812  885
  14
  93  209  291  335  376  389  507  597  633  733  805  837  885  930
   6
 101  267  422  486  649  651
   6
 164  382  394  491  526  888
   9
   7   65   66  239  472  474  480  603  819
  10
   8  236  414  438  475  600  671  732  748  975
   6
 125  178  367  400  413  658
   4
 105  204  393  655
   5
  72  208  496  510  837
   5
  37  118  186  597  693
  11
  29   51  117  280  375  522  526  708  774  783  792
  12
 227  296  299  479  557  585  592  691  765  794  926  963
   9
 110  176  269  272  387  433  561  607  651
  11
  29  148  179  204  308  460  521  590  606  627  976
  10
  53  274  293  338  522  578  581  654  927  952
  12
 111  113  200  278  286  361  433  587  723  777  814  900
  10
 210  454  472  583  702  704  773  847  952  992
   8
  28   37   47  403  436  486  759  830
   9
  62  393  535  561  617  695  835  896  981
  15
  21   49   58  117  127  161  173  498  595  619  674  828  863  945  960
  13
 104  157  213  316  328  415  448  707  785  816  826  836  891
   4
  56  311  359  552
  10
  85  198  313  320  381  396  416  512  624  911
  12
  12   18  125  205  298  334  536  558  671  711  852  926
   7
 150  313  387  488  628  654  970
   5
  18  150  232  481  764
  14
  30  243  267  276  394  445  491  563  643  673  709  758  901  917
  16
  77   85  182  205  232  256  310  538  554  581  596  602  643  713  908 1000
   8
  21   46  129  309  341  589  952  967
   7
 105  151  301  385  692  763  873
   8
  50   65  132  321  403  513  533  891
   5
 118  130  393  870  981
   8
 122  133  181  196  345  473  963  993
   7
 176  195  515  732  806  891  921
   9
 223  499  509  510  555  567  651  738  792
   6
 264  344  666  669  758  886
  13
 103  203  328  358  491  616  626  627  629  689  690  789  845
   5
  26  286  439  560  768
   4
 172  648  726  731
   8
 202  209  225  525  527  615  724  911
   9
  75  128  246  419  668  805  841  873  941
   7
  86  147  275  304  479  598  784
   5
  80  237  394  691  983
   5
 137  247  450  694  921
  10
  19  210  272  443  648  670  758  782  805  986
  11
 177  188  252  266  299  303  393  458  604  606  977
  10
 155  199  357  414  439  497  691  759  799  820
   8
   3  274  389  451  509  723  804  904
   7
  27  148  150  176  676  719  921
   9
  40   47  210  265  277  474  503  596  809
   5
   5  196  492  903  909
  12
  39  108  210  375  376  475  657  668  712  794  855  899
   7
 194  292  462  468  539  625  960
   6
  37  104  165  377  567  851
   4
 194  360  812  930
  11
  88  126  244  469  498  704  850  893  974  976  989
  11
  49   81  190  215  314  598  692  712  795  832  950
  11
   5  167  199  242  294  396  749  788  792  879  966
   6
 143  156  175  482  781  869
  11
  59   64  100  139  181  376  454  527  636  674  707
  10
   5   24  247  268  506  510  525  586  617  988
   7
  88  292  641  746  797  896  980
   8
  47  246  510  659  706  811  850  972
  11
  27  116  128  234  469  590  688  713  739  810  906
   9
 168  330  405  696  748  802  832  922  963
   6
 257  372  421  669  876  926
  11
 135  176  263  331  388  463  501  763  887  934  968
   8
 245  468  612  622  635  742  744  955
   7
  52   69  410  495  533  662  768
   6
 241  366  412  518  599  986
   7
 255  271  368  408  675  833  850
  10
  45  121  173  471  514  522  752  874  972  992
  16
  23   25   39   61   72  136  274  327  411  538  695  794  832  849  852  983
   6
  34  239  470  526  536  981
   7
  14   70  197  232  432  489  917
   5
  15   83  363  388  520
   6
 156  487  515  565  718  846
   5
 139  377  379  706  747
   9
 216  299  334  502  519  571  698  737  768
   6
  81  145  190  338  580  992
   2
 481  767
   4
  80  142  228  367
  10
  78  139  316  320  480  481  531  549  765  918
  10
  44   59  215  267  324  397  478  725  927  985
   9
  99  576  646  804  812  820  956  965  984
   7
 260  460  491  526  818  847  961
  10
   6    8   26   57  303  310  570  645  878  915
   7
 103  231  280  403  532  663  766
  12
  47  191  270  416  622  658  673  721  768  877  923  984
   5
 300  412  599  749  756
   5
  18  104  234  310  699
   7
   9  130  273  468  473  573  705
   7
 178  382  511  649  689  876  984
   5
 260  703  788  857  994
   7
  29  169  391  508  664  745  902
   8
 121  263  299  570  578  646  685  886
   7
 232  535  607  643  662  686  968
  13
 277  390  439  477  485  513  784  864  910  929  946  962 1000
   7
  69  142  383  532  599  740  824
  12
  66  188  379  404  495  581  603  717  764  833  968  979
   7
  20   55  164  176  323  714  987
  12
  44  160  275  287  333  378  522  630  654  820  861  988
  11
 302  388  478  509  530  547  553  803  810  818  853
   8
 169  226  240  286  588  704  801  857
   6
 190  295  490  771  820  903
   6
 212  310  549  595  850  888
  13
  33   38  204  354  403  448  608  615  747  856  884  910  919
   6
 278  373  506  538  799  863
   6
   6  217  385  485  854  958
   6
 138  385  841  851  916  978
   5
  79  291  403  477  865
   6
 203  459  574  603  631  903
   6
  79  218  424  445  565  962
   7
 134  333  367  508  537  650  849
   6
  60  582  585  654  951  978
  15
 133  143  313  338  396  397  628  650  687  696  709  729  767  855  978
   9
  25   47   71   95  317  549  684  845  939
   7
  38   44  181  451  511  683  858
   5
  59  469  629  692  875
   6
 261  385  515  577  579  634
   9
   9  166  242  381  566  575  675  714  988
   8
 426  527  610  652  685  806  871  973
   9
 264  289  305  332  416  536  552  627  779
   9
   7   84  184  258  366  380  692  869  921
   7
  50  196  340  399  516  607  621
  14
  44  137  146  276  314  348  363  601  675  689  777  788  945  961
  12
  20   99  146  249  253  261  490  496  635  704  819  986
   7
  62  260  337  453  866  878  958
   8
 136  144  297  466  531  672  813  840
  11
 129  348  364  478  517  678  684  732  743  836  951
  10
  17   43   89  239  390  633  662  834  875  917
   7
 113  238  347  703  805  898  952
   6
  13   61   91  200  622  719
   3
 105  327  473
   7
 109  113  162  174  348  363  646
   4
  46   91  324  567
   5
 154  636  733  854  891
   9
  43  200  359  596  748  749  935  974 1000
   9
  45   64  131  226  423  580  746  783  843
   6
  15  128  285  621  683  814
  10
 302  320  541  616  679  704  751  853  957 1000
   2
 313  327
   7
 116  205  511  625  629  713  907
  12
 118  170  187  301  333  482  565  633  768  778  781  884
   3
 108  236  908
   9
 173  479  521  522  534  661  681  803  940
   6
  29   48  300  603  619  650
   7
  27  372  416  535  545  648  729
   3
  59  766  809
   6
  58  254  273  513  525  933
  11
  13  166  179  197  353  381  615  698  879  922  930
   7
 117  378  476  639  705  799  953
  11
  35   61  129  169  542  616  682  696  763  949  961
  12
   6   76  149  368  433  549  629  654  774  923  931  944
   8
  85  303  439  565  583  592  842  991
  11
  41  185  386  403  531  536  619  723  798  852  859
   9
  52  216  233  259  273  520  559  704  795
  11
 114  147  180  405  421  552  557  573  632  747  939
   8
 272  294  310  345  382  542  546  811
   9
   2   18   49  113  213  334  339  685  890
   9
  15  292  369  433  534  651  722  775  892
  12
  30  231  239  345  355  373  393  551  681  798  982 1000
   6
  81  124  198  448  845  854
  11
 133  388  422  529  614  626  631  681  770  787  919
   7
  25  354  362  430  456  597  941
   4
  86  286  301  373
   9
   6  137  141  192  264  437  565  569  594
   6
  68  116  196  373  834  968
  12
  42   88  249  353  364  471  543  613  691  857  951  953
  11
 305  415  460  523  563  574  723  774  822  878  941
  10
  17   65  252  283  288  322  329  690  747  830
   9
  17  180  208  374  437  523  547  854  911
   4
 478  664  714  974
  11
 254  343  557  682  730  781  791  796  871  963  980
  15
  23   43   83  147  188  240  266  315  343  595  690  736  812  898  944
   6
 122  323  573  836  901  998
   4
 203  375  559  689
  11
  29  119  147  322  410  494  536  553  561  620  971
  12
 107  122  201  268  277  447  527  667  759  771  813  953
  10
 163  334  389  406  433  529  576  655  762  831
   7
 164  195  447  580  645  937  969
   8
 163  224  259  268  288  465  655  845
  10
 121  175  414  473  554  717  749  802  898  986
   7
 126  134  135  493  543  742  901
   5
  30  298  532  559  584
   9
  82  126  136  156  208  291  601  624  897
   7
   9   87  124  224  402  572  814
   8
  80  185  320  486  613  617  885  957
  13
  65  123  126  155  182  266  305  464  535  582  614  650  652
  10
 154  233  306  585  662  689  928  959  964  990
   6
  47   58  461  484  498  987
   8
   5   24  244  566  639  702  864  905
   7
 197  200  287  382  521  690  893
   8
  14   15  248  280  697  788  912  917
   9
  13  279  317  327  490  542  560  583  650
   2
 354  455
   6
 291  402  437  901  922  993
   9
  10  145  150  187  242  259  342  767  873
  10
 176  253  365  378  453  501  707  845  948  962
   3
  48  567  575
   6
  67  142  164  167  320  946
  10
  98  125  129  483  541  588  647  653  670  900
   5
 225  512  517  580  804
   8
 341  351  481  714  862  877  916  981
  12
  17  319  389  477  503  593  682  702  762  764  776  879
   6
 330  359  563  899  916  926
   7
  96  128  360  432  457  612  659
   8
  54   99  392  460  493  609  682  815
   6
 141  244  346  700  832  976
   4
  48  192  888  935
   8
 190  360  475  548  636  709  856  875
   7
  72   87  262  297  373  537  937
   9
  19  113  124  254  407  622  720  767  800
  11
  43   58  144  185  419  476  516  567  833  873  900
  11
  26  114  126  153  267  496  510  679  845  860  946
  10
  62   65  177  759  780  812  921  970  985 1000
  10
 109  249  404  501  505  679  683  699  701  937
   7
  27   77  356  569  713  736  832
   5
  87  198  417  805  981
   4
 481  560  624  776
  12
  59   65   92  128  149  306  463  475  814  844  847  915
   9
 102  211  261  390  521  571  647  928  986
   7
 115  144  174  230  236  772  963
  10
  16  135  224  245  332  458  708  746  925  994
   7
  12   14  374  458  676  810  819
   7
 161  171  335  401  576  645  869
   9
 345  480  513  560  674  701  803  885  920
   7
 216  356  378  394  413  417  753
  12
  21  132  329  391  490  492  534  554  581  761  803  956
   4
 346  459  632  793
   9
 170  326  350  368  472  595  857  862  863
   8
 117  249  279  371  506  643  674  847
   8
 120  151  219  346  493  699  809  921
  12
  76  179  185  290  398  520  747  766  779  821  951  966
   5
  11  291  421  439  909
   5
 274  376  453  790  820
  12
 135  202  288  370  448  600  683  707  744  832  836  840
   9
  64  116  461  515  563  705  723  831  963
  13
   2   11   61  106  162  412  426  523  792  817  874  930  969
   7
 150  368  409  433  444  848  938
  12
  15  234  281  307  314  327  399  432  679  808  849  868
   8
 183  222  289  520  536  560  604  803
   9
 205  244  265  315  351  469  498  602  937
   5
  33  164  355  470  902
   8
  49  620  667  670  701  764  819  827
   7
 183  303  431  535  780  944  994
   8
   3  114  390  610  722  841  971  993
   5
 156  267  272  352  430
  10
   4   27   51  202  212  345  364  407  485  566
   8
  54   87  104  152  180  329  401  515
   8
  83  231  285  420  497  631  742  923
   7
  34  149  172  211  434  454  504
   9
 556  692  734  775  845  885  888  909  963
