  31
   2    3    4    5    8   16   24   33   35   44   46   60   62   63   69   75   86   94  116  148  182  252  268  292  323  339  406  425  491  500  584
  54
   1    3    4    5    6    7    8   18   23   29   30   54   56   73   80   85   95  110  172  208  217  236  241  252  262  336  340  356  385  387  456  457  487  495  514  520  521  549  577  583  596  603  636  676  706  709  718  744  761  819  867  869  885  933
  60
   1    2    4    5   14   19   22   25   28   30   59   66   71   83   85   87  101  103  137  152  201  209  216  263  264  279  297  311  338  460  480  508  523  540  541  548  556  569  581  633  645  680  683  687  689  695  712  723  735  752  782  785  853  872  906  913  916  958  979  981
 105
   1    2    3    5    6    7    9   10   11   13   15   16   19   29   31   34   36   45   49   50   58   60   64   70   78   81   82   84   89   99  102  104  108  114  117  118  129  130  131  142  143  162  165  171  176  177  190  193  215  219  224  226  272  277  289  294  296  314  315  319  336  404  407  414  429  459  463  470  473  479  484  494  515  517  523  550  555  581  594  598  599  603  625  636  647  686  697  701  726  727  733  800  801  807  834  843  850  861  880  904  941  962  975  982  996
  53
   1    2    3    4   11   12   17   21   25   39   58   66   67   76   79  130  147  149  169  211  236  237  246  265  288  331  342  357  382  386  388  396  416  418  426  430  454  564  585  613  645  649  711  724  741  745  784  831  832  855  864  908  985
  51
   2    4   14   20   24   27   35   36   51   61   63   72   77   78   99  100  111  112  114  115  121  122  127  154  167  178  186  187  206  211  221  282  369  427  442  486  598  631  634  635  676  677  787  794  842  858  872  897  900  932  966
  31
   4    2    9   12   32   38   42   80  113  116  119  136  170  202  220  328  331  337  362  439  469  476  522  595  632  738  816  850  898  966  983
  38
   1    2   10   18   34   40   43   50   51   67   74  107  119  135  148  161  163  232  248  255  257  304  309  320  347  390  423  488  567  659  680  794  796  822  828  829  832  898
   6
   7    4  105  226  767  886
  39
   4    8   13   21   27   31   43   56   57   65   72  117  126  134  145  172  182  249  261  285  295  324  327  376  411  434  462  493  592  637  657  692  804  839  870  883  890  901  927
   5
   5    4   17  504  710
  21
   5    7   47   68   88   95  111  128  203  325  424  464  465  466  574  630  728  729  803  925  954
  19
   4   10   38   54   57   73   77  140  174  239  258  347  367  518  553  605  730  803  844
   6
   3    6   15   74  201  607
  26
  14    4   20   23   40   53   86  139  155  223  241  273  298  307  350  387  450  513  539  620  623  683  754  815  835  890
  26
   1    4   22   48   62   70   92  145  161  210  243  269  306  318  321  327  333  335  434  480  515  675  698  773  776  955
  11
  11    5  153  188  191  230  256  271  299  340  647
   8
   8    2   68  139  175  228  837  856
  22
   4    3   26   46   47   82  166  233  261  337  353  375  377  396  443  456  461  540  747  881  931  992
  32
  15    6   44   45   52   97  108  120  124  134  140  141  154  179  205  240  286  310  430  446  453  501  508  528  535  663  732  739  755  866  933  948
  22
  10    5   26   48   49  105  315  348  370  383  394  401  542  589  597  639  642  704  705  746  772  990
  22
   3   16   61   65   96   98  128  137  150  276  316  322  328  377  402  496  650  774  841  851  904  929
   7
   2   15   92  203  527  559  963
   3
   1    6  400
   8
   5    3   39   75  365  766  913  986
   6
  21   19   28  106  170  582
  15
  10    6   64   93  112  146  176  238  275  287  298  416  452  497  953
   9
  26    3   37  280  357  403  591  791  862
   7
   2    4  507  593  656  721  749
  15
   3    2   32   33   41   55  204  244  264  295  411  502  619  639  808
   4
  10    4  216  278
   5
  30    7  276  381  946
  15
   1   30   97  144  219  229  279  323  329  415  448  635  666  718  827
   5
   4    8   55  106  419
  10
   1    6   37   41   90   94  655  871  877  878
   2
   6    4
  18
  28   35   42   52   79  101  118  157  214  505  543  558  560  571  615  640  767  790
   6
  13    7   81  104  432  786
   8
  25    5   69  287  302  441  759  863
  15
   8   15   59  136  159  316  341  342  354  488  525  590  722  825  900
   7
  30   35  246  248  343  704  980
   8
  37    7  110  390  409  566  833  882
   7
  10    8  159  368  626  668  980
  12
   1   20   87  152  168  184  187  415  656  806  919  955
   5
  20    4  158  192  366
   7
  19    1  231  642  661  707  985
   2
  12   19
   8
  16   21   53  217  393  552  616  858
   5
  21    4   91  887  951
   6
   4    8  129  167  284  511
  21
   6    8  123  132  205  239  245  292  474  475  545  548  568  583  631  669  684  720  766  789  791
   5
  20   37  344  397  865
  14
  15   48  100  122  165  173  256  334  379  399  437  614  773  887
   6
   2   13  389  414  450  760
  12
  30   34  171  193  199  225  262  407  440  554  568  844
   6
  10    2  109  126  816  838
   4
  10   13   98  640
  10
   5    4  107  196  213  274  345  423  475  713
   6
  40    3  399  541  738  888
   8
   4    1   83   88  102  499  509  970
   4
  22    6  109  397
  15
   1   16   84   90  141  206  207  244  311  318  383  644  698  824  885
  12
   1    6  125  151  293  418  439  611  672  783  876  912
   9
   4   27  158  179  188  273  401  510  721
  15
  10   22   71  162  177  194  227  267  270  306  449  569  769  771  820
   2
   3    5
   8
   8    5  198  224  412  536  554  899
  14
  18   12   89   93   96  253  254  288  332  335  394  503  795  812
   2
   1   39
   5
   4   16   76  234  393
  16
   3   65   91  132  135  212  238  253  330  374  610  699  719  857  923  947
   2
   6   10
   5
   2   13  121  143  464
   5
  14    8  484  696  785
   4
  25    1  133  181
   3
   5   70  625
   3
   6   13  893
   6
   4    6  123  272  485  758
   7
  37    5  178  284  363  520  633
   3
   7    2  918
   5
   4   38  180  355  763
  10
  19    4  133  155  181  432  451  735  825  917
   5
   3   60  444  923  973
   9
   4   62  197  200  270  296  512  546  949
   6
   2    3  184  271  449  776
  12
   1   15  124  157  168  213  228  247  527  648  678  778
   6
   3   44  146  265  751  961
   7
  12   60  103  166  283  531  686
   7
   4   68  199  282  360  572  751
   6
  62   35  142  366  368  690
  11
  71   49  183  195  359  491  499  592  694  705  780
   4
  16   23  247  944
   6
  27   68  258  314  530  714
   2
  35    1
  14
  12    2  156  196  242  269  289  302  303  305  437  472  506  561
  12
  68   22  234  268  283  360  505  612  701  750  881  999
  10
  20   33  138  153  212  222  235  489  797  963
   7
  22   57  716  729  762  805  845
   2
   4    6
   5
   6   53  160  164  945
   2
   3   37
   5
   4   60  421  601  772
   5
   3   88  113  115  468
  10
   4   38  175  195  233  301  458  851  852  854
   5
   9   21  576  682  797
   7
  26   34  260  280  653  757  921
  12
   8   58  138  237  251  300  478  533  534  651  667  860
  10
  20    4  204  243  250  431  438  578  856  981
   8
  56   61  120  291  309  447  553  813
   8
   2   42  183  190  223  745  821  943
   8
  12    6  191  354  477  490  526  779
   4
   6   27  424  922
   3
 103    7  174
  18
   6    4  127  173  180  186  198  250  274  305  459  492  643  823  873  892  897  909
   8
 103    6  200  222  364  529  552  977
   2
   1    7
   4
  10    4  231  700
   4
  37    4  346  674
   6
   7    8  125  160  392  487
   9
 109   20  251  395  500  638  682  737  820
   4
   6   73  516  779
   9
  53    6  417  497  542  562  580  906  965
   9
  78   51  131  151  208  240  259  332  388
   7
  20   86  221  324  565  673  869
   8
 119   63  189  294  308  454  550  902
   5
  10   56  185  818  994
   2
 114    6
  10
  12   22  446  531  661  679  703  731  752  958
   3
   4   50  886
   4
   5    4  442  502
   3
 123    4  349
   2
  51   71
   8
  82   75  230  245  299  560  708  929
   5
  20   10  156  911  952
   3
  71    8  307
   3
  40    7  209
   9
   3   22  149  215  433  496  537  605  727
   6
  97  107  147  364  884  967
   3
  18   15  984
   8
  13   20  144  164  227  290  373  681
   5
  62   20  218  720  762
   3
  90    4  398
   6
   4   73  185  293  547  742
   9
 140   33  150  317  351  405  481  498  907
   8
  10   16  255  406  492  537  538  696
   5
  27   87  194  382  601
   2
 138    5
   3
   1    8  441
  10
 137    5  257  266  344  362  371  628  808  830
   5
  22  144  202  478  975
   7
  63  123  242  654  667  692  764
   8
   3   44  192  235  308  359  972  976
   7
  97   17  197  277  472  626  899
   6
   6   20  163  169  545  854
   2
  15   82
   5
 134   95  421  565  658
   2
  37   86
   4
  45   64  528  806
   3
  40   43  551
   7
 119  100  210  384  577  629  652
   4
  16    8  319  884
   3
  65    4  695
   2
 154    8
   8
 100  140  189  333  563  606  694  833
   5
  53    4  310  378  650
   4
  88   19  428  907
   2
  50    6
   5
  44   86  214  616  939
   4
   5  154  848  998
   8
   7   26  286  435  490  726  817  972
   6
  55    4  476  843  969  994
   4
   2   10  207  526
   3
 114   53  281
   2
 113   13
   3
  18  104  322
  10
  27    4  220  278  312  326  471  584  654  811
   4
  65    4  267  714
   4
  79    6  281  712
   3
  20   64  783
   2
 114   81
   3
  75   82  666
   4
  10    1  361  910
   2
 110   91
   4
  85   44  909  944
   5
 143  126  715  793  847
   4
   6  114  551  795
   3
   6   44  604
   3
  17   64  689
   2
 164  125
   6
 110    4  483  485  699  945
   5
  17  111  218  671  935
   2
 152   45
   3
  55    4  624
   2
 146   65
   5
 104   91  301  574  804
   6
  95   58  563  728  757  908
   5
  84  153  445  486  576
   2
  67  114
   4
  55   89  422  455
   3
  84  115  334
   2
   3   14
   4
   7  150  799  935
   3
  12   23  259
   4
  30  108  285  522
   6
  51   20  361  753  770  999
   5
   6   62  225  392  765
   2
 172   62
   3
   2  123  348
   3
 136    3  648
   7
  16  160  353  658  664  736  862
   4
   5    6  229  420
   5
  97   71  385  761 1000
   5
  58   86  232  677  836
   3
  37  168  672
   2
   4  137
   4
  31    3  538  671
   3
   2   48  630
   3
 191  141  431
   3
   4   33  688
   3
 176    7  760
   4
 124    6  367  861
   7
  97  115  410  427  517  740  866
   4
  15  110  539  549
   5
   4   67  615  733  960
   2
 206   55
   5
   9    4  290  330  828
   7
 140   65  263  304  514  585  717
   8
  86   18  275  425  429  544  716  970
   6
 211   33  325  604  749  878
   3
  17  133  489
   2
  46  117
   3
 213    8  370
   3
 104   19  524
   2
  96   70
   6
  97  152  391  518  535  597
   4
   5    2  300  659
   6
   5  107  669  702  781  921
   4
  27   71  882  934
   3
  51   13  928
   4
  20  123  254  384
   4
   2   15  320  355
   3
 151   95  600
  13
 108   16  249  372  380  398  458  582  652  702  710  724  789
   6
  62   30  435  470  544  896
   4
  51  133  349  608
   3
   5   41  725
   3
  86   92  708
   5
  41    8  291  317  321
   5
  10  243  313  947  968
   6
 114  108  471  479  602  871
   4
 107  120  822  879
   2
   2    1
   2
  68   71
   5
 240   68  260  617  930
   4
 145    8  380  389
   2
  17   53
   2
   8  149
   4
  13   93  448  452
   5
 203  123  365  620  799
   2
 254  106
   2
  19   10
   5
   2   55  266  770  905
   2
 227    3
   7
   3   30  743  763  853  915  971
   2
  87    5
   4
 149  262  483  498
   7
  65  177  297  482  521  747  912
   2
   1   96
   5
  16   95  573  736  826
   3
  84   65  341
   6
  17   85  303  410  466  889
   3
  78    4  378
   6
  64   15  326  358  717  938
   2
  58  114
   2
  27  228
   6
  32   22  329  730  759  940
   3
   4  153  915
   3
 176   31  346
   6
  33    3  369  412  575  936
   6
 106   28  356  722  742  812
   2
 178  173
   5
  89    6  495  693  824
   4
  96   88  352  996
   2
  50   79
   3
  10  204  524
   5
  20  170  564  778  792
   2
  27   39
   3
   5   68  469
   5
  95    4  343  570  679
   4
 140  226  624  670
   4
 109  248  457  606
   2
  51    1
   5
  63  143  467  600  982
   2
   4  125
   4
  30   10  374  894
   3
  84    4  436
   5
 267    3  525  834  891
   2
  27   15
   4
  17  133  339  438
   6
 107  236  372  586  673  715
   6
 195  104  420  691  768  984
   2
  95   39
   5
  95  271  503  697  903
   6
 227    8  507  534  725  792
   3
  95  114  627
   5
  65   16  338  351  590
   2
  15  135
   6
 125  152  447  811  855  991
   6
 109    8  312  313  381  629
   4
  20  165  408  983
   4
   3   62  591  926
   6
 309  176  371  622  756  852
   5
 249  309  400  608  946
   3
   4   93  461
   4
  21    4  363  873
   2
  22   40
   3
 248  144  536
   4
  62   16  587  902
   3
 161    4  417
   5
 241    8  350  352  513
   2
  16  248
   3
  22  175  493
   8
   1   33  402  494  578  621  771  836
   3
  10  124  709
   6
 229   12  467  516  665  748
   6
 273  176  561  570  573  588
   8
  16   10  386  562  653  802  917  953
   2
   7   22
   4
 276   33  436  937
   2
 226   71
   3
   5    7  609
   3
  68  123  556
   4
 164   16  345  932
   3
 200   53  395
   3
  68   16  914
   4
   2    4  663  960
   2
   7   19
   2
   3  306
   3
   1  299  643
   5
  17    2  638  641  863
   2
  40  270
   3
  40    5  375
   8
 289   41  512  595  670  860  880  931
   2
  52  149
   5
  58  333  379  422  586
   3
 118  278  987
   3
   8   13  445
   7
  21  208  358  543  651  693  790
   2
 131  245
   2
 320   15
   2
 306  144
   3
 283  320  373
  11
 210   19  391  405  703  719  754  801  905  910  962
   5
 111   40  433  664  800
   3
 241   81  942
   2
   2  280
   3
   5   28  465
   2
 348  273
   2
 152   91
  10
  96   89  413  453  579  612  723  775  831  936
   4
 182  205  807  961
   2
   7  149
   2
 315   79
   2
 138  115
   5
  25  259  376  920  978
   2
  90   45
   3
 221   13  440
   2
  43   90
   3
   6  279  575
   3
 232   21  977
   2
 312  149
   2
 300  243
   3
 140  352  707
   3
 295   71  864
   5
 342   19  413  444  610
   3
  10  365  740
   3
  19   22  777
   2
 272  165
   2
 345   53
   2
 255  243
   2
 309   32
   4
 146    5  555  918
   2
  21   62
   2
 240  160
   5
 212    2  426  519  596
   3
 327    5  571
   7
   2   15  409  451  462  741  926
   2
   5  123
   2
  54  255
   3
   8   42  403
   3
 353  235  895
   2
 119  206
   3
  70   48  463
   6
  68   21  511  599  874  950
   2
 120  334
   2
   5   19
   3
  52   61  823
   2
 243  142
   2
  53   59
   3
  24  313  957
   2
  64   21
   9
 323   22  404  408  428  589  613  674  934
   2
  28  390
   3
 402    4  419
   2
 144  353
   2
   1  145
   4
  55    4  557  744
   2
 310  402
   2
  42  387
   2
 222  271
   5
  30   10  579  594  765
   3
  67  279  473
   4
 360  375  481  529
   3
  54    4  477
   3
  33   44  991
   2
  27    5
   4
 319  122  739  788
   3
  63    5  809
   2
 404   34
   2
 301  211
   6
 102  156  443  687  798  951
   2
 199  345
   2
   8   58
   2
  12  112
   2
   1  228
   4
 385    5  587  990
   2
 222    6
   3
 166  402  637
   5
 228    4  532  665  993
   5
   5   20  482  530  995
   2
 108  218
   2
  82   38
   2
 137  354
   2
  10   16
   3
 244  170  876
   2
 329  296
   4
  95   53  455  685
   3
 108  299  474
   2
   7   63
   4
  55  367  468  662
   2
 148   39
   2
 130    6
   2
  19  421
   2
 375   83
   3
 197  347  506
   2
 128   20
   2
 109  308
   3
  33  258  821
   3
  65   85  796
   2
  54   15
   2
  82  387
   5
  27  258  634  662 1000
   3
 360   20  930
   2
   5  125
   2
 199  437
   4
   2   19  688  780
   3
   2  291  460
   2
 104  243
   4
   4  114  660  774
   2
   3  457
   2
  19  314
   4
 387   10  713  775
   3
 393    4  611
   3
  12   73  685
   2
  12  357
   2
 271   12
   2
 325  293
   6
 103  440  504  519  532  646
   2
   7  288
   2
 244    4
   3
 250  176  734
   2
 153   95
   2
 412    4
   2
 438   51
   4
  51   58  646  916
   3
 171    7  533
   2
 111  414
   2
 150  107
   3
   4  250  810
   2
  16    3
   2
 144  413
   4
 267  430  607  619
   6
 266  190  588  609  675  813
   4
   4   74  509  755
   2
  78  190
   2
 197    6
   3
 119    2  840
   2
  40    8
   3
 230   97  501
   2
 170  111
   5
   1   91  572  814  842
   2
 114  145
   3
 322   10  657
   2
 323    4
   4
   2  282  557  939
   3
  22  137  829
   2
 122   27
   4
 266  144  914  938
   3
  91   60  737
   2
 120    1
   3
  20  489  901
   3
 130   30  830
   2
 303   68
   2
 468   11
   2
  96   37
   3
  95  445  621
   2
 304   29
   4
   3   20  510  732
   7
 484   60  558  628  641  690  952
   2
  64  508
   3
 394   50  819
   2
  84  343
   3
  15  320  846
   2
   2  227
   3
   4   16  746
   3
 121  325  845
   2
   4  222
   2
  13  235
   3
 385  468  924
   2
  79    2
   3
 267    2  950
   3
   7  204  546
   2
   4    3
   2
 233  285
   2
  40  297
   2
 111  172
   2
  86   23
   4
  20  158  627  954
   2
 115  413
   3
 430   93  750
   3
  88  128  567
   2
 468  429
   3
 107  476  857
   5
 304  107  622  678  874
   5
 235   20  859  868  903
   4
  67  317  547  580
   2
 145  137
   2
 145  216
   2
 223   15
   2
   3   19
   4
   3   59  781  787
   3
 122   21  618
   3
 348   37  614
   2
 228  244
   3
 154   51  859
   3
 522   84  706
   2
 143  536
   3
   3   51  924
   2
   2  223
   2
 125    4
   3
 159  186  559
   2
  48  115
   4
  13  109  602  617
   2
  67   55
   3
   4  382  793
   2
 332    3
   2
 495  407
   2
  37  509
   3
 551   23  786
   2
 133   37
   5
  95  326  618  840  968
   3
 327  122  668
   3
 196  164  566
   2
 286    5
   3
 124  156  827
   3
  42  563  655
   2
   8  531
   2
  55   51
   2
  65    3
   2
 289  326
   2
 386   37
   2
  89  491
   3
 269  326  593
   2
 195   12
   2
 369  279
   3
 197  105  731
   3
   2  160  965
   2
 323  108
   2
 411  360
   2
 536  122
   2
   4    3
   2
  26  243
   2
  51    2
   2
   1  176
   3
   5  227  979
   2
 300  345
   2
 426  318
   2
 483  326
   2
  21  402
   2
 306   40
   3
  28  311  892
   2
  10   91
   2
  29  573
   3
 411    4  959
   2
 343    7
   2
 385    2
   2
  21  235
   2
   4    6
   3
   4  394  660
   2
 242  293
   3
 146  102  784
   2
 553  250
   2
   4    2
   2
 187  229
   3
  13  137  919
   4
 291  164  623  818
   2
  14  482
   3
 313  245  782
   2
 483  331
   2
  71  375
   2
  63  463
   2
 360   96
   4
   5  402  644  700
   3
  53  543  989
   2
  37  224
   2
  48  168
   2
 254  553
   2
 561  542
   2
 482   30
   2
  15  259
   2
 506  323
   2
 534  312
   2
 606   15
   2
 290  193
   2
  76    4
   2
  43  153
   2
 305  528
   4
 509  149  691  815
   3
 309  160  632
   2
  12  217
   2
   6   51
   3
 629    7  974
   4
   3   79  810  868
   3
   6  452  788
   3
  33    6  896
   3
   2    4  948
   4
  10  428  649  940
   2
 340  120
   4
  30   21  768  928
   2
  37   57
   2
 340  509
   4
  46   21  849  959
   2
 114  339
   2
  62  613
   2
   5    3
   2
 475  468
   3
   4   17  809
   2
 209   86
   3
 637    5  927
   2
  22  165
   2
 348  107
   2
 243  160
   2
 327  106
   2
 176  151
   3
  35  566  974
   2
  44   29
   2
 493   10
   2
 210  156
   4
 236    8  681  998
   2
 599  459
   2
  46  128
   3
 452  440  875
   4
  20  336  758  802
   2
 354  210
   3
 325  429  865
   2
  33  181
   4
 107  151  684  895
   4
  43  562  875  992
   2
 237   51
   5
 290  343  798  839  986
   2
 191  216
   2
  63  214
   2
 300  124
   3
 118  402  941
   2
  16  483
   2
   2    6
   3
 213    6  826
   3
  86  534  837
   2
 289  128
   2
   8    3
   3
 140  659  817
   2
 105  120
   2
  15    3
   3
 667   51  743
   4
 464  437  964  971
   2
   4   88
   2
 421    3
   2
 219  456
   2
   3  188
   2
 509   90
   2
 628  301
   2
 151   10
   3
 348  282  987
   2
 164   91
   3
 162    3  769
   2
 145   74
   2
   4  303
   3
  16   62  838
   2
 190   71
   2
 613  117
   3
   4   96  805
   2
 237  243
   2
 128  353
   2
  21   41
   2
  21   91
   2
 546    2
   2
  46  373
   2
 247  133
   3
   2  324  711
   2
 243   11
   2
   5  709
   3
   3  178  777
   3
  58  462  888
   2
  93  177
   2
 300  185
   2
  98  228
   2
 227  273
   3
  33    2  734
   3
  71  353  848
   2
 141   51
   2
  29   64
   2
 280   40
   2
   3  360
   2
   5  243
   2
 304  246
   2
 170    4
   3
   4  137  911
   2
 196   12
   2
  98   12
   2
 276   13
   2
 128  576
   2
 508   20
   2
 224    4
   2
 718  471
   2
  82    3
   2
 210  269
   2
 120  499
   4
   7   59  846  879
   2
  20  417
   2
 222  376
   3
 387    5  756
   3
 280  143  997
   3
 264  684  753
   2
 407    2
   2
   5  110
   3
 515   21  748
   2
 267   19
   3
 746  325  883
   2
  29  229
   2
 530   96
   3
  87   89  764
   3
 128    3  956
   2
 743  205
   2
  15  353
   2
  20  484
   2
 741  312
   2
 106  196
   2
  78  663
   2
  39  276
   3
 220   54  841
   2
   2  212
   2
 141   98
   2
 264   81
   2
 751  151
   2
 206  411
   2
  25   51
   2
  37    9
   2
 639  301
   2
  65  695
   2
 262  205
   2
  65  323
   2
  21  102
   2
  16   53
   2
 459   22
   2
 360  462
   2
  85   16
   2
 377  712
   2
  86  286
   2
 121  111
   3
 456   91  847
   2
 237  541
   2
   3  608
   3
 179   63  957
   2
 601    5
   2
   3   74
   3
  38  559  835
   3
 541    6  849
   2
 417  634
   2
 243   51
   2
  37  348
   3
  51   28  922
   3
 304  286  894
   2
 555  185
   2
   8    6
   2
 186   68
   2
 449    8
   2
  97  105
   2
 670  421
   2
 202  259
   2
   4  354
   3
 353    4  814
   2
 327  663
   2
  12   13
   2
  10  195
   2
  98  701
   2
 158   44
   2
 361    4
   4
 149   30  893  964
   3
 418  647  877
   2
 633  479
   3
 308  176  870
   2
  68  280
   2
 109  483
   2
 491  801
   2
  15  628
   2
  56    7
   2
 170  681
   3
 606  126  942
   2
 511    2
   2
  65  120
   2
 448  110
   2
 251    8
   2
 397  114
   2
  62  282
   2
  82   40
   2
 677  269
   2
 565   33
   3
   8  226  867
   2
 496    8
   2
 502  149
   2
   5  360
   2
   8    5
   2
  42  164
   2
   4  297
   3
 786   15  949
   2
 213  323
   2
 678   18
   2
 698   56
   2
  10  670
   2
 487  561
   3
  22  760  891
   2
 491    6
   2
 171    4
   2
  55   13
   2
  98  516
   2
 738  513
   2
 185  780
   2
 719  169
   2
 787  642
   2
   7    4
   4
  22  104  889  956
   2
 104  312
   2
 264    3
   2
 104  154
   2
 308    5
   2
 108   18
   2
  71  533
   2
  48    6
   3
 535  545  993
   2
 107  343
   2
   4  221
   2
  28  210
   2
 340   39
   2
   5  374
   2
 665   52
   3
 222   20  920
   2
 828    2
   2
 633  535
   3
   2  124  925
   2
 811   10
   2
 250   35
   2
   6    3
   2
 114  315
   3
 534  394  973
   2
 662  668
   3
  63  435  988
   2
  35  809
   2
 229   35
   2
 251  738
   2
   4  343
   2
  19   96
   2
  42  238
   2
  10  748
   2
 161  138
   3
  62    2  969
   2
 129    9
   2
  53   49
   2
  59  713
   2
 271  851
   3
  10   15  978
   2
 297  841
   2
 591  114
   2
  77  808
   2
 792  295
   2
 667  391
   2
 635  244
   2
 114    6
   2
   7    8
   2
  67  153
   2
   6   40
   3
  10  501  943
   2
 125  318
   2
 303  535
   2
   4   22
   2
 262  353
   2
 122    3
   2
 144  166
   2
 196    5
   2
 184  114
   2
 182  353
   2
 134  727
   2
 267   63
   3
   3   25  997
   2
 335  498
   2
 264  277
   3
 475    3  989
   2
 327   82
   2
 382   80
   2
  44  605
   2
 365  866
   3
 106  237  937
   2
 112  791
   2
  71   83
   2
 519  548
   2
 869   12
   2
 311  387
   2
  10  649
   2
 639  239
   2
 133   22
   2
 254  453
   2
  19  343
   2
   6  333
   2
  20    2
   2
 238  402
   2
 191  202
   2
 279  360
   2
 329  921
   2
 498  273
   2
 495  168
   2
 637  276
   2
   4  674
   2
 355  818
   3
 901  110  976
   2
  92  184
   2
 190  100
   2
  32  313
   2
 249   71
   2
  20  636
   2
  84  835
   2
 394  521
   2
  49  421
   2
 509  134
   2
  27  327
   2
  12  528
   2
  16   44
   2
 851  752
   2
 400  783
   3
 128    3  967
   2
 594  642
   2
 224  336
   2
 361   87
   3
   4  353  995
   2
  97   23
   2
 685  808
   2
 577  122
   2
   6    7
   2
 138  958
   2
 561  249
   2
 171  885
   2
  60  228
   2
 264  685
   2
 152  170
   2
 874   83
   2
 632  655
   2
 150    4
   2
 943  152
   2
 370  115
   2
 890  365
   2
 585    3
   2
  43   41
   2
 108    3
   2
 293    4
   2
 310    7
   3
 139  301  988
   2
  46    5
   2
 670   25
   2
 346  693
   2
 984  876
   2
 916  614
   2
 426   21
   2
 308  415
   2
  19  668
   2
 429  859
   2
 126  171
   2
 430  962
   2
   4  283
   2
 913  742
   2
 659  169
   2
 205   96
   2
 452  212
